-10.0 6.264007e-06 -2.059186e-04 -2.892111e-03 1.028561e+00
-9.9 6.180945e-06 -1.933413e-04 -3.438248e-03 1.034281e+00
-9.8 6.177037e-06 -1.926802e-04 -3.464743e-03 1.034643e+00
-9.7 6.172876e-06 -1.920853e-04 -3.485661e-03 1.034939e+00
-9.6 6.170328e-06 -1.916486e-04 -3.502623e-03 1.035201e+00
-9.5 6.164592e-06 -1.908410e-04 -3.531931e-03 1.035579e+00
-9.4 6.158409e-06 -1.899542e-04 -3.564316e-03 1.035980e+00
-9.3 6.158329e-06 -1.897989e-04 -3.571934e-03 1.036161e+00
-9.2 6.151637e-06 -1.888495e-04 -3.607155e-03 1.036600e+00
-9.1 6.149285e-06 -1.884536e-04 -3.621423e-03 1.036822e+00
-9.0 6.144222e-06 -1.877015e-04 -3.649446e-03 1.037183e+00
-8.9 6.132816e-06 -1.861552e-04 -3.707821e-03 1.037899e+00
-8.8 6.137984e-06 -1.866593e-04 -3.690083e-03 1.037782e+00
-8.7 6.130846e-06 -1.857479e-04 -3.720287e-03 1.038145e+00
-8.6 6.129358e-06 -1.854150e-04 -3.734597e-03 1.038399e+00
-8.5 6.125747e-06 -1.848229e-04 -3.757752e-03 1.038738e+00
-8.4 6.120819e-06 -1.841002e-04 -3.784025e-03 1.039070e+00
-8.3 6.117697e-06 -1.836518e-04 -3.798958e-03 1.039292e+00
-8.2 6.111544e-06 -1.827754e-04 -3.830910e-03 1.039695e+00
-8.1 6.110842e-06 -1.825274e-04 -3.842362e-03 1.039933e+00
-8.0 6.104398e-06 -1.816353e-04 -3.873978e-03 1.040301e+00
-7.9 6.094648e-06 -1.802470e-04 -3.929915e-03 1.041055e+00
-7.8 6.096721e-06 -1.805064e-04 -3.913862e-03 1.040867e+00
-7.7 6.094287e-06 -1.800564e-04 -3.932301e-03 1.041153e+00
-7.6 6.090440e-06 -1.794323e-04 -3.956909e-03 1.041510e+00
-7.5 6.085149e-06 -1.787274e-04 -3.980488e-03 1.041810e+00
-7.4 6.086785e-06 -1.787835e-04 -3.979465e-03 1.041883e+00
-7.3 6.078399e-06 -1.776382e-04 -4.021493e-03 1.042385e+00
-7.2 6.077458e-06 -1.773723e-04 -4.033196e-03 1.042622e+00
-7.1 6.072168e-06 -1.766215e-04 -4.059789e-03 1.042958e+00
-7.0 6.067933e-06 -1.759568e-04 -4.086523e-03 1.043345e+00
-6.9 6.050845e-06 -1.736865e-04 -4.173329e-03 1.044400e+00
-6.8 6.056580e-06 -1.743189e-04 -4.146660e-03 1.044122e+00
-6.7 6.053939e-06 -1.738899e-04 -4.162673e-03 1.044373e+00
-6.6 6.047303e-06 -1.729805e-04 -4.194658e-03 1.044765e+00
-6.5 6.045146e-06 -1.726215e-04 -4.206546e-03 1.044947e+00
-6.4 6.039029e-06 -1.717959e-04 -4.235471e-03 1.045316e+00
-6.3 6.037051e-06 -1.713512e-04 -4.255600e-03 1.045645e+00
-6.2 6.032934e-06 -1.707694e-04 -4.275514e-03 1.045935e+00
-6.1 6.144317e-06 -1.872649e-04 -3.488706e-03 1.034161e+00
-6.0 6.138503e-06 -1.864721e-04 -3.515947e-03 1.034496e+00
-5.9 6.113783e-06 -1.831024e-04 -3.651824e-03 1.036207e+00
-5.8 6.033178e-06 -1.709342e-04 -4.176385e-03 1.041575e+00
-5.7 6.030036e-06 -1.704239e-04 -4.195152e-03 1.041832e+00
-5.6 6.030413e-06 -1.702846e-04 -4.203886e-03 1.042055e+00
-5.5 6.021873e-06 -1.692314e-04 -4.237236e-03 1.042409e+00
-5.4 6.020729e-06 -1.689197e-04 -4.251459e-03 1.042678e+00
-5.3 6.013041e-06 -1.678860e-04 -4.288101e-03 1.043115e+00
-5.2 6.013657e-06 -1.678070e-04 -4.292746e-03 1.043272e+00
-5.1 5.811811e-06 -1.424749e-04 -5.205292e-03 1.051310e+00
-5.0 5.806904e-06 -1.417537e-04 -5.232461e-03 1.051692e+00
-4.9 5.789419e-06 -1.392834e-04 -5.334494e-03 1.053035e+00
-4.8 5.797542e-06 -1.403645e-04 -5.283725e-03 1.052382e+00
-4.7 5.794809e-06 -1.398477e-04 -5.305852e-03 1.052739e+00
-4.6 5.793747e-06 -1.396686e-04 -5.308607e-03 1.052785e+00
-4.5 5.787898e-06 -1.388285e-04 -5.340607e-03 1.053223e+00
-4.4 5.784004e-06 -1.382177e-04 -5.363162e-03 1.053525e+00
-4.3 5.782066e-06 -1.378484e-04 -5.378115e-03 1.053792e+00
-4.2 5.776161e-06 -1.370177e-04 -5.408373e-03 1.054171e+00
-4.1 5.768924e-06 -1.360301e-04 -5.443636e-03 1.054614e+00
-4.0 5.765073e-06 -1.354047e-04 -5.468290e-03 1.054963e+00
-3.9 5.742098e-06 -1.323053e-04 -5.591776e-03 1.056522e+00
-3.8 5.656680e-06 -1.232589e-04 -5.806064e-03 1.055909e+00
-3.7 5.653805e-06 -1.228264e-04 -5.820655e-03 1.056139e+00
-3.6 5.647297e-06 -1.219221e-04 -5.852793e-03 1.056542e+00
-3.5 5.644145e-06 -1.214182e-04 -5.871170e-03 1.056802e+00
-3.4 5.641304e-06 -1.209179e-04 -5.891645e-03 1.057119e+00
-3.3 5.630075e-06 -1.194103e-04 -5.948201e-03 1.057815e+00
-3.2 5.626072e-06 -1.187773e-04 -5.972986e-03 1.058188e+00
-3.1 5.618348e-06 -1.176751e-04 -6.016626e-03 1.058794e+00
-3.0 5.608739e-06 -1.163426e-04 -6.066350e-03 1.059397e+00
-2.9 5.581047e-06 -1.125395e-04 -6.222467e-03 1.061396e+00
-2.8 5.593838e-06 -1.142314e-04 -6.147826e-03 1.060491e+00
-2.7 5.589291e-06 -1.134740e-04 -6.179900e-03 1.060958e+00
-2.6 5.581588e-06 -1.123122e-04 -6.228725e-03 1.061671e+00
-2.5 5.571057e-06 -1.109129e-04 -6.281612e-03 1.062374e+00
-2.4 5.567462e-06 -1.101656e-04 -6.318619e-03 1.063014e+00
-2.3 5.568728e-06 -1.099833e-04 -6.336113e-03 1.063433e+00
-2.2 5.567402e-06 -1.094215e-04 -6.368854e-03 1.064070e+00
-2.1 5.568351e-06 -1.090202e-04 -6.400530e-03 1.064779e+00
-2.0 5.567850e-06 -1.083853e-04 -6.440526e-03 1.065547e+00
-1.9 5.543929e-06 -1.047870e-04 -6.594460e-03 1.067723e+00
-1.8 1.616805e-05 -1.222196e-03 2.806100e-02 7.625619e-01
-1.7 4.191964e-05 -3.851309e-03 1.075739e-01 7.667870e-02
-1.6 6.164406e-05 -5.663636e-03 1.571546e-01 -3.160601e-01
-1.5 6.713119e-05 -5.804400e-03 1.513285e-01 -2.023737e-01
-1.4 5.867989e-05 -4.384720e-03 9.672846e-02 3.389578e-01
-1.3 4.071051e-05 -2.004181e-03 1.708674e-02 1.052509e+00
-1.2 2.256117e-05 1.762213e-04 -4.564255e-02 1.538780e+00
-1.1 1.044939e-05 1.534195e-03 -7.550070e-02 1.694970e+00
-1.0 1.077791e-05 1.296030e-03 -4.555864e-02 1.287922e+00
-0.9 1.950063e-05 8.661186e-05 1.507451e-02 6.954800e-01
-0.8 2.731920e-05 -9.172896e-04 6.304109e-02 3.176098e-01
-0.7 3.231558e-05 -1.517464e-03 9.309960e-02 1.779501e-01
-0.6 3.367688e-05 -1.652892e-03 1.056938e-01 2.110409e-01
-0.5 3.457628e-05 -1.728638e-03 1.160903e-01 2.657838e-01
-0.4 3.499280e-05 -1.751482e-03 1.252055e-01 3.151298e-01
-0.3 3.504435e-05 -1.715292e-03 1.317632e-01 3.898000e-01
-0.2 3.579562e-05 -1.765114e-03 1.416938e-01 4.225896e-01
-0.1 3.508185e-05 -1.659633e-03 1.469150e-01 4.931253e-01
0.0 3.305654e-05 -1.410249e-03 1.476189e-01 5.985466e-01
0.1 3.155230e-05 -1.222301e-03 1.505737e-01 6.781889e-01
0.2 2.981913e-05 -1.015431e-03 1.530950e-01 7.611839e-01
0.3 2.752271e-05 -7.677591e-04 1.549969e-01 8.431283e-01
0.4 2.585154e-05 -5.846270e-04 1.589851e-01 9.029033e-01
0.5 2.460089e-05 -4.401066e-04 1.641462e-01 9.512081e-01
0.6 2.305075e-05 -2.616349e-04 1.682459e-01 1.008159e+00
0.7 2.182082e-05 -8.775739e-05 1.719922e-01 1.070997e+00
0.8 2.412846e-05 -2.342662e-04 1.845279e-01 1.063112e+00
0.9 3.152896e-05 -8.686916e-04 2.110539e-01 9.383613e-01
1.0 4.955948e-05 -2.356270e-03 2.583393e-01 6.624173e-01
1.1 5.422218e-05 -2.713446e-03 2.766547e-01 6.065988e-01
1.2 4.994370e-05 -2.336982e-03 2.767982e-01 6.830833e-01
1.3 4.514268e-05 -1.922752e-03 2.761401e-01 7.650872e-01
1.4 3.738761e-05 -1.291335e-03 2.707195e-01 8.778833e-01
1.5 2.918524e-05 -6.210366e-04 2.643214e-01 9.980146e-01
1.6 2.326517e-05 -1.384369e-04 2.626646e-01 1.083917e+00
1.7 1.324734e-05 6.784621e-04 2.530557e-01 1.224164e+00
1.8 1.005509e-05 1.035713e-03 2.531178e-01 1.301175e+00
1.9 2.215173e-05 3.257748e-04 2.761639e-01 1.227318e+00
2.0 5.941826e-05 -2.219386e-03 3.403718e-01 8.740712e-01
2.1 1.263386e-04 -6.670516e-03 4.423092e-01 2.924487e-01
2.2 1.338664e-04 -7.131188e-03 4.614298e-01 2.346063e-01
2.3 1.228766e-04 -6.368843e-03 4.553457e-01 3.397270e-01
2.4 1.084072e-04 -5.381456e-03 4.447871e-01 4.713079e-01
2.5 9.527980e-05 -4.521386e-03 4.375254e-01 5.802984e-01
2.6 6.770365e-05 -2.756339e-03 4.128261e-01 7.898191e-01
2.7 3.969450e-05 -9.947264e-04 3.887030e-01 9.964014e-01
2.8 1.296652e-05 7.026319e-04 3.655148e-01 1.198049e+00
2.9 -2.358746e-05 2.960051e-03 3.329625e-01 1.445078e+00
3.0 -6.449817e-05 5.580262e-03 2.922577e-01 1.744568e+00
3.1 -7.150997e-05 6.365942e-03 2.820599e-01 1.891176e+00
3.2 -2.637852e-06 2.826331e-03 3.505610e-01 1.583894e+00
3.3 1.190221e-04 -3.927440e-03 4.801156e-01 9.125011e-01
3.4 4.609510e-04 -2.253328e-02 8.124451e-01 -8.557753e-01
3.5 4.527733e-04 -2.201904e-02 8.129055e-01 -8.000193e-01
3.6 4.139857e-04 -1.988356e-02 7.863535e-01 -6.046513e-01
3.7 3.796763e-04 -1.802989e-02 7.649790e-01 -4.352786e-01
3.8 3.669368e-04 -1.730825e-02 7.625012e-01 -3.653413e-01
3.9 3.236935e-04 -1.504134e-02 7.350278e-01 -1.662185e-01
4.0 2.310789e-04 -1.014566e-02 6.628103e-01 2.736447e-01
4.1 1.294674e-04 -5.061243e-03 5.921677e-01 6.821854e-01
4.2 3.856983e-05 -4.965497e-04 5.294924e-01 1.053498e+00
4.3 -9.137915e-05 6.055234e-03 4.347049e-01 1.587639e+00
4.4 -2.468043e-04 1.375659e-02 3.233173e-01 2.201123e+00
4.5 -4.516167e-04 2.383290e-02 1.751804e-01 2.997703e+00
4.6 -7.527950e-04 3.897760e-02 -5.662641e-02 4.228907e+00
4.7 -9.016843e-04 4.662271e-02 -1.701384e-01 4.864210e+00
4.8 -8.705672e-04 4.598689e-02 -1.601909e-01 4.903668e+00
4.9 -2.926510e-04 2.001672e-02 2.292140e-01 3.105332e+00
5.0 1.837793e-03 -7.502089e-02 1.616328e+00 -3.366644e+00
5.1 1.864194e-03 -7.642881e-02 1.651923e+00 -3.517337e+00
5.2 1.773733e-03 -7.213773e-02 1.596696e+00 -3.195820e+00
5.3 1.673639e-03 -6.752718e-02 1.538428e+00 -2.866423e+00
5.4 1.649111e-03 -6.619113e-02 1.526438e+00 -2.750203e+00
5.5 1.566620e-03 -6.242730e-02 1.481332e+00 -2.486456e+00
5.6 1.444892e-03 -5.694338e-02 1.411531e+00 -2.107231e+00
5.7 1.299682e-03 -5.050570e-02 1.329116e+00 -1.673520e+00
5.8 1.049992e-03 -3.991529e-02 1.193341e+00 -1.016737e+00
5.9 5.186998e-04 -1.745735e-02 8.936022e-01 3.810696e-01
6.0 -4.299143e-05 6.265399e-03 5.760961e-01 1.866533e+00
6.1 -3.629881e-04 1.902095e-02 4.216485e-01 2.555387e+00
6.2 -1.325392e-03 5.804363e-02 -8.469142e-02 4.793479e+00
6.3 -1.964006e-03 8.408109e-02 -4.220675e-01 6.314791e+00
6.4 -3.331856e-03 1.390853e-01 -1.134413e+00 9.422834e+00
6.5 -4.732527e-03 1.935472e-01 -1.811314e+00 1.223899e+01
6.6 -6.755802e-03 2.737276e-01 -2.844837e+00 1.670352e+01
6.7 -9.794584e-03 3.948555e-01 -4.415588e+00 2.346901e+01
6.8 -1.113064e-02 4.469626e-01 -5.072962e+00 2.628146e+01
6.9 -1.411066e-02 5.662985e-01 -6.626081e+00 3.299142e+01
7.0 9.870686e-03 -3.334824e-01 4.533593e+00 -1.263307e+01
7.1 9.683052e-03 -3.261403e-01 4.451897e+00 -1.226336e+01
7.2 9.517353e-03 -3.192208e-01 4.369501e+00 -1.186168e+01
7.3 9.707914e-03 -3.254226e-01 4.446861e+00 -1.210298e+01
7.4 9.624467e-03 -3.217024e-01 4.405418e+00 -1.187321e+01
7.5 1.044199e-02 -3.509225e-01 4.762513e+00 -1.323866e+01
7.6 1.032992e-02 -3.462177e-01 4.710094e+00 -1.296894e+01
7.7 1.128119e-02 -3.801262e-01 5.121748e+00 -1.454520e+01
7.8 1.125234e-02 -3.785095e-01 5.107321e+00 -1.443045e+01
7.9 1.247084e-02 -4.217863e-01 5.627813e+00 -1.642585e+01
8.0 1.334679e-02 -4.544745e-01 6.044543e+00 -1.810707e+01
8.1 1.435192e-02 -4.881423e-01 6.426165e+00 -1.945225e+01
8.2 1.428435e-02 -4.861999e-01 6.418097e+00 -1.938963e+01
8.3 1.698663e-02 -5.826069e-01 7.569488e+00 -2.386801e+01
8.4 1.882132e-02 -6.476997e-01 8.346767e+00 -2.686689e+01
8.5 2.049400e-02 -7.064986e-01 9.043600e+00 -2.952661e+01
8.6 2.523270e-02 -8.768419e-01 1.107935e+01 -3.748275e+01
8.7 2.942283e-02 -1.022748e+00 1.277635e+01 -4.395311e+01
8.8 3.655968e-02 -1.269109e+00 1.561044e+01 -5.469755e+01
8.9 4.508320e-02 -1.562215e+00 1.896865e+01 -6.739584e+01
9.0 7.415301e-02 -2.583473e+00 3.088160e+01 -1.133968e+02
9.1 7.840924e-02 -2.724839e+00 3.245213e+01 -1.191142e+02
9.2 9.343711e-02 -3.233293e+00 3.818053e+01 -1.404851e+02
9.3 1.161384e-01 -4.046431e+00 4.784387e+01 -1.784351e+02
9.4 1.291008e-01 -4.482328e+00 5.272848e+01 -1.965559e+02
9.5 1.297746e-01 -4.507419e+00 5.304604e+01 -1.977901e+02
9.6 6.666692e-02 -2.464680e+00 3.112253e+01 -1.196270e+02
9.7 -3.230952e-02 7.876580e-01 -4.417735e+00 9.646299e+00
9.8 4.222128e-02 -1.185851e+00 1.233639e+01 -3.491777e+01
9.9 4.912027e-02 -1.409196e+00 1.475760e+01 -4.358878e+01
10.0 5.257639e-02 -1.522791e+00 1.601361e+01 -4.813967e+01
