-9.0 -3.928942e-05 6.771542e-03 -3.654661e-01 8.570016e+00
-8.9 -3.948203e-05 6.804705e-03 -3.673250e-01 8.604414e+00
-8.8 -3.965332e-05 6.836102e-03 -3.691757e-01 8.639791e+00
-8.7 -3.943661e-05 6.796013e-03 -3.668052e-01 8.595440e+00
-8.6 -3.991453e-05 6.875152e-03 -3.710598e-01 8.669879e+00
-8.5 -3.943859e-05 6.798001e-03 -3.669511e-01 8.598580e+00
-8.4 -3.874087e-05 6.680871e-03 -3.604527e-01 8.479711e+00
-8.3 -3.906364e-05 6.726932e-03 -3.625772e-01 8.511951e+00
-8.2 -3.902227e-05 6.720835e-03 -3.622687e-01 8.507154e+00
-8.1 -3.903175e-05 6.724176e-03 -3.625167e-01 8.512481e+00
-8.0 -3.893649e-05 6.703945e-03 -3.612114e-01 8.486735e+00
-7.9 -3.890131e-05 6.698247e-03 -3.608528e-01 8.478841e+00
-7.8 -3.897386e-05 6.711553e-03 -3.616097e-01 8.492821e+00
-7.7 -3.865360e-05 6.655455e-03 -3.584520e-01 8.435831e+00
-7.6 -3.883839e-05 6.685353e-03 -3.600117e-01 8.462724e+00
-7.5 -3.939478e-05 6.774845e-03 -3.646942e-01 8.542753e+00
-7.4 -3.939030e-05 6.777363e-03 -3.650159e-01 8.552099e+00
-7.3 -3.859428e-05 6.648000e-03 -3.581207e-01 8.431829e+00
-7.2 -3.893464e-05 6.700103e-03 -3.607102e-01 8.474394e+00
-7.1 -3.887984e-05 6.683097e-03 -3.593070e-01 8.440526e+00
-7.0 -3.844619e-05 6.610635e-03 -3.553338e-01 8.369790e+00
-6.9 -3.867508e-05 6.654558e-03 -3.580443e-01 8.423704e+00
-6.8 -3.874292e-05 6.665295e-03 -3.585946e-01 8.433397e+00
-6.7 -3.895698e-05 6.694834e-03 -3.598539e-01 8.449924e+00
-6.6 -3.862667e-05 6.640173e-03 -3.569059e-01 8.398654e+00
-6.5 -3.872607e-05 6.660007e-03 -3.581403e-01 8.423139e+00
-6.4 -3.894978e-05 6.696558e-03 -3.601046e-01 8.458395e+00
-6.3 -3.895874e-05 6.692228e-03 -3.595142e-01 8.441161e+00
-6.2 -3.875960e-05 6.659368e-03 -3.577462e-01 8.410714e+00
-6.1 -3.896150e-05 6.695431e-03 -3.598530e-01 8.451546e+00
-6.0 -3.813686e-05 6.552421e-03 -3.516753e-01 8.298102e+00
-5.9 -3.913829e-05 6.717467e-03 -3.605834e-01 8.455456e+00
-5.8 -3.887460e-05 6.672847e-03 -3.581159e-01 8.411516e+00
-5.7 -3.864462e-05 6.635483e-03 -3.561217e-01 8.377181e+00
-5.6 -3.873424e-05 6.646724e-03 -3.565389e-01 8.382060e+00
-5.5 -3.833806e-05 6.582354e-03 -3.530979e-01 8.321812e+00
-5.4 -3.859441e-05 6.624466e-03 -3.553239e-01 8.359438e+00
-5.3 -3.868910e-05 6.638893e-03 -3.560251e-01 8.371093e+00
-5.2 -3.878645e-05 6.653648e-03 -3.567827e-01 8.384756e+00
-5.1 -3.860028e-05 6.626344e-03 -3.554913e-01 8.365517e+00
-5.0 -3.892827e-05 6.680637e-03 -3.584338e-01 8.418396e+00
-4.9 -3.850310e-05 6.599045e-03 -3.533034e-01 8.313328e+00
-4.8 -3.810544e-05 6.535652e-03 -3.500006e-01 8.257564e+00
-4.7 -3.856932e-05 6.611013e-03 -3.540317e-01 8.328836e+00
-4.6 -3.836336e-05 6.577810e-03 -3.522543e-01 8.297914e+00
-4.5 -3.846958e-05 6.594984e-03 -3.531770e-01 8.314798e+00
-4.4 -3.887611e-05 6.659888e-03 -3.565593e-01 8.372729e+00
-4.3 -3.815409e-05 6.540947e-03 -3.500832e-01 8.256642e+00
-4.2 -3.821756e-05 6.543344e-03 -3.497912e-01 8.244826e+00
-4.1 -3.815661e-05 6.536762e-03 -3.495977e-01 8.244307e+00
-4.0 -3.817605e-05 6.543478e-03 -3.501665e-01 8.258641e+00
-3.9 -3.850777e-05 6.593979e-03 -3.526671e-01 8.299656e+00
-3.8 -3.735597e-05 6.403992e-03 -3.423246e-01 8.114074e+00
-3.7 -3.816142e-05 6.531135e-03 -3.488951e-01 8.225853e+00
-3.6 -3.753175e-05 6.434216e-03 -3.440067e-01 8.145616e+00
-3.5 -3.780291e-05 6.474795e-03 -3.460097e-01 8.178667e+00
-3.4 -3.768903e-05 6.457272e-03 -3.450430e-01 8.160225e+00
-3.3 -3.732912e-05 6.396406e-03 -3.416894e-01 8.100480e+00
-3.2 -3.834709e-05 6.569350e-03 -3.512694e-01 8.274128e+00
-3.1 -3.743832e-05 6.421250e-03 -3.433474e-01 8.135465e+00
-3.0 -3.853123e-05 6.596335e-03 -3.524864e-01 8.292072e+00
-2.9 -3.697847e-05 6.339491e-03 -3.384940e-01 8.041261e+00
-2.8 -3.800135e-05 6.507828e-03 -3.475040e-01 8.199460e+00
-2.7 -3.724449e-05 6.380424e-03 -3.404126e-01 8.069944e+00
-2.6 9.809663e-06 -1.039159e-03 4.430602e-02 1.512407e+00
-2.5 1.583557e-04 -2.421461e-02 1.234189e+00 -1.858823e+01
-2.4 -5.358696e-05 1.078993e-02 -6.426392e-01 1.411778e+01
-2.3 -3.350277e-05 8.791652e-03 -5.838841e-01 1.362882e+01
-2.2 -1.751294e-05 7.310103e-03 -5.432645e-01 1.331105e+01
-2.1 -7.188405e-06 6.509041e-03 -5.255827e-01 1.320439e+01
-2.0 -3.968633e-06 6.537862e-03 -5.350839e-01 1.334183e+01
-1.9 -7.704255e-06 7.361667e-03 -5.699288e-01 1.370107e+01
-1.8 -1.898800e-05 9.024078e-03 -6.305001e-01 1.427775e+01
-1.7 -3.670053e-05 1.136574e-02 -7.103090e-01 1.500297e+01
-1.6 -5.941999e-05 1.419374e-02 -8.017496e-01 1.580056e+01
-1.5 -8.414399e-05 1.712524e-02 -8.905723e-01 1.653106e+01
-1.4 -1.068321e-04 1.964517e-02 -9.576174e-01 1.701022e+01
-1.3 -1.254518e-04 2.158162e-02 -1.000217e+00 1.723854e+01
-1.2 -1.389132e-04 2.283955e-02 -1.016742e+00 1.721520e+01
-1.1 -1.353606e-04 2.189270e-02 -9.502381e-01 1.642318e+01
-1.0 -1.279563e-04 2.048413e-02 -8.679360e-01 1.550056e+01
-0.9 -1.022578e-04 1.686969e-02 -7.113736e-01 1.404674e+01
-0.8 -7.808131e-05 1.355807e-02 -5.723766e-01 1.288232e+01
-0.7 -5.633646e-05 1.072159e-02 -4.617954e-01 1.223411e+01
-0.6 -4.483355e-05 9.291267e-03 -4.108174e-01 1.233750e+01
-0.5 -3.489801e-05 8.117038e-03 -3.732235e-01 1.266283e+01
-0.4 -3.124768e-05 7.766997e-03 -3.682688e-01 1.335615e+01
-0.3 -3.233011e-05 8.033755e-03 -3.871431e-01 1.429548e+01
-0.2 -3.423300e-05 8.396973e-03 -4.091961e-01 1.526098e+01
-0.1 -3.584897e-05 8.722857e-03 -4.297583e-01 1.621063e+01
0.0 -3.806378e-05 9.108163e-03 -4.512046e-01 1.713208e+01
0.1 -3.532523e-05 8.789665e-03 -4.410596e-01 1.761256e+01
0.2 -3.880880e-05 9.327714e-03 -4.673718e-01 1.855895e+01
0.3 -4.214831e-05 9.862800e-03 -4.941499e-01 1.951274e+01
0.4 -4.458194e-05 1.026205e-02 -5.145661e-01 2.037977e+01
0.5 -4.702875e-05 1.064632e-02 -5.332258e-01 2.120020e+01
0.6 -5.455481e-05 1.157548e-02 -5.690849e-01 2.216821e+01
0.7 -5.693519e-05 1.194350e-02 -5.866629e-01 2.297028e+01
0.8 -6.543851e-05 1.295993e-02 -6.241478e-01 2.393601e+01
0.9 -7.379352e-05 1.396633e-02 -6.618519e-01 2.490697e+01
1.0 -8.167421e-05 1.486023e-02 -6.930721e-01 2.578406e+01
1.1 -8.282716e-05 1.507809e-02 -7.043834e-01 2.648537e+01
1.2 -9.058031e-05 1.593576e-02 -7.334886e-01 2.732979e+01
1.3 -9.718799e-05 1.666247e-02 -7.585278e-01 2.814153e+01
1.4 -1.047569e-04 1.745981e-02 -7.844053e-01 2.894556e+01
1.5 -1.126261e-04 1.826678e-02 -8.096100e-01 2.972796e+01
1.6 -1.205436e-04 1.911240e-02 -8.374376e-01 3.053984e+01
1.7 -1.283542e-04 1.990698e-02 -8.621474e-01 3.131654e+01
1.8 -1.317029e-04 2.030783e-02 -8.764678e-01 3.200549e+01
1.9 -1.408218e-04 2.122654e-02 -9.046525e-01 3.280792e+01
2.0 -1.505408e-04 2.219619e-02 -9.340296e-01 3.361879e+01
2.1 -1.608917e-04 2.323143e-02 -9.651916e-01 3.444318e+01
2.2 -1.714622e-04 2.437613e-02 -1.002336e+00 3.533431e+01
2.3 -1.768438e-04 2.491887e-02 -1.019263e+00 3.604363e+01
2.4 -1.811291e-04 2.530357e-02 -1.028849e+00 3.664396e+01
2.5 -1.819628e-04 2.539493e-02 -1.031714e+00 3.721709e+01
2.6 -1.793786e-04 2.524235e-02 -1.030146e+00 3.776910e+01
2.7 -1.744670e-04 2.486081e-02 -1.021212e+00 3.825474e+01
2.8 -1.647275e-04 2.409237e-02 -1.002993e+00 3.867568e+01
2.9 -1.724286e-04 2.489226e-02 -1.027287e+00 3.941689e+01
3.0 -1.955464e-04 2.679907e-02 -1.074923e+00 4.031439e+01
3.1 -1.912668e-04 2.650922e-02 -1.069749e+00 4.083736e+01
3.2 -2.148174e-04 2.841462e-02 -1.116428e+00 4.172137e+01
3.3 -2.152234e-04 2.849296e-02 -1.119480e+00 4.229786e+01
3.4 -2.426377e-04 3.068630e-02 -1.172993e+00 4.323515e+01
3.5 -2.732606e-04 3.309308e-02 -1.230743e+00 4.419990e+01
3.6 -2.763510e-04 3.339074e-02 -1.239378e+00 4.482343e+01
3.7 -3.016398e-04 3.533316e-02 -1.284913e+00 4.569342e+01
3.8 -3.342347e-04 3.798189e-02 -1.351212e+00 4.672742e+01
3.9 -3.460591e-04 3.894454e-02 -1.374432e+00 4.744351e+01
4.0 -3.697897e-04 4.071778e-02 -1.414917e+00 4.827124e+01
4.1 -4.064644e-04 4.361418e-02 -1.483076e+00 4.929657e+01
4.2 -4.073524e-04 4.373021e-02 -1.486822e+00 4.988043e+01
4.3 -3.928312e-04 4.244303e-02 -1.449200e+00 5.007241e+01
4.4 -4.268036e-04 4.550761e-02 -1.526525e+00 5.114151e+01
4.5 -3.842999e-04 4.262539e-02 -1.465660e+00 5.129269e+01
4.6 -3.921026e-04 4.321203e-02 -1.478509e+00 5.191949e+01
4.7 -2.971542e-04 3.698567e-02 -1.353272e+00 5.169170e+01
4.8 -2.159901e-04 3.154292e-02 -1.240123e+00 5.151723e+01
4.9 -2.079260e-04 3.107476e-02 -1.231384e+00 5.200942e+01
5.0 -2.042586e-04 3.090474e-02 -1.228903e+00 5.254282e+01
5.1 -2.949321e-04 3.680729e-02 -1.347971e+00 5.382465e+01
5.2 -2.914259e-04 3.666733e-02 -1.346476e+00 5.436831e+01
5.3 -2.891843e-04 3.659648e-02 -1.346079e+00 5.491736e+01
5.4 -3.869688e-04 4.277822e-02 -1.467436e+00 5.619807e+01
5.5 -3.926496e-04 4.317733e-02 -1.475297e+00 5.679295e+01
5.6 -3.950876e-04 4.335324e-02 -1.478798e+00 5.736210e+01
5.7 -5.109972e-04 5.051491e-02 -1.616580e+00 5.873094e+01
5.8 -5.147134e-04 5.080154e-02 -1.622860e+00 5.932121e+01
5.9 -6.182688e-04 5.707076e-02 -1.741276e+00 6.056432e+01
6.0 -6.214086e-04 5.731381e-02 -1.746392e+00 6.114580e+01
6.1 -7.524188e-04 6.550307e-02 -1.902132e+00 6.260288e+01
6.2 -9.609087e-04 7.883461e-02 -2.168966e+00 6.477268e+01
6.3 -9.801261e-04 8.008416e-02 -2.193700e+00 6.547100e+01
6.4 -1.054473e-03 8.450571e-02 -2.275832e+00 6.649354e+01
6.5 -1.063551e-03 8.514592e-02 -2.289017e+00 6.712397e+01
6.6 -1.271377e-03 9.875832e-02 -2.557457e+00 6.928083e+01
6.7 -1.081186e-03 8.824914e-02 -2.373471e+00 6.881641e+01
6.8 -1.113543e-03 9.021478e-02 -2.410096e+00 6.957595e+01
6.9 -1.146628e-03 9.223365e-02 -2.447964e+00 7.034406e+01
7.0 -5.623359e-04 6.037717e-02 -1.897604e+00 6.789655e+01
7.1 7.240843e-04 -8.317149e-03 -7.330922e-01 6.220722e+01
7.2 7.267854e-04 -8.258635e-03 -7.368601e-01 6.278769e+01
7.3 3.971900e-04 9.165665e-03 -1.029423e+00 6.489125e+01
7.4 4.221407e-04 8.079912e-03 -1.014540e+00 6.537609e+01
7.5 4.389994e-04 7.380425e-03 -1.005162e+00 6.588624e+01
7.6 4.577826e-04 6.549073e-03 -9.929799e-01 6.637913e+01
7.7 4.743581e-04 5.816198e-03 -9.822711e-01 6.687945e+01
7.8 4.973615e-05 2.759570e-02 -1.338044e+00 6.927837e+01
7.9 -4.571498e-04 5.514937e-02 -1.804162e+00 7.220115e+01
8.0 -4.445114e-04 5.474720e-02 -1.801122e+00 7.275209e+01
8.1 -4.349433e-04 5.449590e-02 -1.800523e+00 7.331621e+01
8.2 -4.669664e-04 5.635330e-02 -1.833794e+00 7.405251e+01
8.3 -1.285325e-03 9.730770e-02 -2.489006e+00 7.794578e+01
8.4 -1.325043e-03 9.956982e-02 -2.528889e+00 7.871597e+01
8.5 -1.361499e-03 1.015992e-01 -2.563687e+00 7.945142e+01
8.6 -1.420068e-03 1.047063e-01 -2.615293e+00 8.027294e+01
8.7 -2.241707e-03 1.447776e-01 -3.241750e+00 8.395740e+01
8.8 -2.280924e-03 1.469358e-01 -3.278392e+00 8.470337e+01
8.9 -2.332934e-03 1.497027e-01 -3.324318e+00 8.549468e+01
9.0 -3.685583e-03 2.164193e-01 -4.362997e+00 9.118119e+01
