-9.0 7.300000e+01
-8.9 7.300000e+01
-8.8 7.300000e+01
-8.7 7.300000e+01
-8.6 7.300000e+01
-8.5 7.300000e+01
-8.4 7.300000e+01
-8.3 7.300000e+01
-8.2 7.300000e+01
-8.1 7.300000e+01
-8.0 7.300000e+01
-7.9 7.300000e+01
-7.8 7.300000e+01
-7.7 7.300000e+01
-7.6 7.300000e+01
-7.5 7.300000e+01
-7.4 7.300000e+01
-7.3 7.300000e+01
-7.2 7.300000e+01
-7.1 7.300000e+01
-7.0 7.300000e+01
-6.9 7.300000e+01
-6.8 7.300000e+01
-6.7 7.300000e+01
-6.6 7.300000e+01
-6.5 7.300000e+01
-6.4 7.300000e+01
-6.3 7.300000e+01
-6.2 7.300000e+01
-6.1 7.300000e+01
-6.0 7.300000e+01
-5.9 7.300000e+01
-5.8 7.300000e+01
-5.7 7.300000e+01
-5.6 7.300000e+01
-5.5 7.300000e+01
-5.4 7.300000e+01
-5.3 7.300000e+01
-5.2 7.300000e+01
-5.1 7.300000e+01
-5.0 7.300000e+01
-4.9 7.300000e+01
-4.8 7.300000e+01
-4.7 7.300000e+01
-4.6 7.300000e+01
-4.5 7.300000e+01
-4.4 7.300000e+01
-4.3 7.300000e+01
-4.2 7.300000e+01
-4.1 7.300000e+01
-4.0 7.300000e+01
-3.9 7.300000e+01
-3.8 7.300000e+01
-3.7 7.300000e+01
-3.6 7.300000e+01
-3.5 7.300000e+01
-3.4 7.300000e+01
-3.3 7.300000e+01
-3.2 7.300000e+01
-3.1 7.300000e+01
-3.0 7.300000e+01
-2.9 7.300000e+01
-2.8 7.300000e+01
-2.7 7.300000e+01
-2.6 7.300000e+01
-2.5 7.300000e+01
-2.4 7.300000e+01
-2.3 7.300000e+01
-2.2 7.300000e+01
-2.1 7.300000e+01
-2.0 7.300000e+01
-1.9 7.200000e+01
-1.8 7.200000e+01
-1.7 7.200000e+01
-1.6 7.200000e+01
-1.5 7.200000e+01
-1.4 7.200000e+01
-1.3 7.200000e+01
-1.2 7.200000e+01
-1.1 7.200000e+01
-1.0 7.200000e+01
-0.9 7.200000e+01
-0.8 7.200000e+01
-0.7 7.200000e+01
-0.6 7.200000e+01
-0.5 7.200000e+01
-0.4 7.200000e+01
-0.3 7.200000e+01
-0.2 7.200000e+01
-0.1 7.200000e+01
0.0 7.200000e+01
0.1 7.200000e+01
0.2 7.200000e+01
0.3 7.200000e+01
0.4 7.100000e+01
0.5 7.000000e+01
0.6 6.900000e+01
0.7 6.900000e+01
0.8 6.800000e+01
0.9 6.700000e+01
1.0 6.600000e+01
1.1 6.600000e+01
1.2 6.500000e+01
1.3 6.400000e+01
1.4 6.300000e+01
1.5 6.200000e+01
1.6 6.100000e+01
1.7 6.000000e+01
1.8 6.000000e+01
1.9 5.900000e+01
2.0 5.800000e+01
2.1 5.700000e+01
2.2 5.600000e+01
2.3 5.500000e+01
2.4 5.400000e+01
2.5 5.400000e+01
2.6 5.200000e+01
2.7 5.100000e+01
2.8 5.000000e+01
2.9 5.000000e+01
3.0 4.900000e+01
3.1 4.900000e+01
3.2 4.800000e+01
3.3 4.800000e+01
3.4 4.700000e+01
3.5 4.600000e+01
3.6 4.600000e+01
3.7 4.500000e+01
3.8 4.400000e+01
3.9 4.400000e+01
4.0 4.300000e+01
4.1 4.200000e+01
4.2 4.200000e+01
4.3 4.100000e+01
4.4 4.100000e+01
4.5 4.000000e+01
4.6 4.000000e+01
4.7 3.900000e+01
4.8 3.700000e+01
4.9 3.700000e+01
5.0 3.700000e+01
5.1 3.600000e+01
5.2 3.600000e+01
5.3 3.600000e+01
5.4 3.500000e+01
5.5 3.500000e+01
5.6 3.500000e+01
5.7 3.400000e+01
5.8 3.400000e+01
5.9 3.300000e+01
6.0 3.300000e+01
6.1 3.300000e+01
6.2 3.200000e+01
6.3 3.200000e+01
6.4 3.100000e+01
6.5 3.100000e+01
6.6 3.100000e+01
6.7 3.000000e+01
6.8 3.000000e+01
6.9 3.000000e+01
7.0 2.900000e+01
7.1 2.800000e+01
7.2 2.800000e+01
7.3 2.700000e+01
7.4 2.700000e+01
7.5 2.700000e+01
7.6 2.700000e+01
7.7 2.700000e+01
7.8 2.600000e+01
7.9 2.600000e+01
8.0 2.600000e+01
8.1 2.600000e+01
8.2 2.600000e+01
8.3 2.500000e+01
8.4 2.500000e+01
8.5 2.500000e+01
8.6 2.500000e+01
8.7 2.400000e+01
8.8 2.400000e+01
8.9 2.400000e+01
9.0 2.400000e+01
