0
0
0
0
0
0
0
0
0
0
0
0
0
0
0
0
0.0621373
0.0621373
0.0835972
0.105633
0.105633
0.111847
0.122554
0.124275
0.124275
0.12443
0.12443
0.12443
0.127948
0.161557
0.163103
0.173094
0.173094
0.186412
0.186412
0.186515
0.203825
0.203825
0.203825
0.203825
0.211267
0.220215
0.226183
0.226183
0.248549
0.248627
0.250483
0.26719
0.26719
0.27432
0.27432
0.27432
0.27432
0.280376
0.286439
0.310686
0.310686
0.310748
0.310748
0.322935
0.323114
0.329034
0.340397
0.340397
0.350181
0.367662
0.372875
0.377966
0.392991
0.392991
0.397873
0.427078
0.431619
0.434961
0.435005
0.435005
0.435005
0.435138
0.439377
0.439377
0.443792
0.443792
0.448251
0.48487
0.488321
0.488638
0.488638
0.490097
0.490884
0.493356
0.494333
0.497137
0.497137
0.513752
0.519283
0.519283
0.54259
0.544154
0.544154
0.54769
0.553022
0.555773
0.559235
0.559235
0.559235
0.559235
0.55927
0.565449
0.568004
0.568174
0.568853
0.568853
0.568853
0.568853
0.571663
0.571663
0.571663
0.571663
0.571663
0.571832
0.571832
0.572877
0.572877
0.57503
0.57503
0.57503
0.577877
0.578945
0.578945
0.581208
0.58409
0.585015
0.586202
0.587386
0.589486
0.589486
0.589486
0.589486
0.591088
0.594995
0.595384
0.595384
0.595384
0.601288
0.601288
0.601288
0.606308
0.607199
0.607199
0.611981
0.613997
0.617665
0.617665
0.617665
0.623358
0.623358
0.623358
0.628324
0.628908
0.640014
0.640014
0.645181
0.645181
0.646228
0.648405
0.648405
0.650634
0.650634
0.650634
0.666956
0.677296
0.678549
0.681388
0.682492
0.682492
0.682492
0.683538
0.686582
0.698706
0.698706
0.70083
0.703991
0.706946
0.708365
0.713389
0.718324
0.718324
0.718324
0.718324
0.718324
0.720471
0.723279
0.726475
0.738258
0.740686
0.743599
0.744118
0.744844
0.745647
0.745673
0.74588
0.746061
0.748232
0.750808
0.75145
0.751861
0.752887
0.752887
0.756469
0.757565
0.757565
0.762265
0.767817
0.768696
0.776716
0.780658
0.78214
0.795284
0.795284
0.795357
0.799714
0.799714
0.799714
0.799714
0.799714
0.799714
0.799714
0.804168
0.805415
0.807522
0.807785
0.807808
0.808
0.808644
0.811147
0.811219
0.813524
0.816366
0.81691
0.817288
0.820236
0.823782
0.825958
0.833288
0.833288
0.840141
0.844336
0.844336
0.852527
0.852799
0.860304
0.868789
0.868789
0.869944
0.872138
0.882896
0.885843
0.891058
0.891058
0.901076
0.909521
0.910179
0.913418
0.921728
0.923403
0.923737
0.928344
0.929342
0.932059
0.932245
0.939568
0.939568
0.939568
0.940636
0.943362
0.955965
0.96513
0.971112
0.971331
0.977532
0.977532
0.978953
0.981769
0.985792
0.989603
0.989603
0.990617
0.993206
0.994371
0.995768
0.99931
0.99931
1.00442
1.00854
1.02421
1.02715
1.02715
1.02715
1.02985
1.03277
1.03596
1.03769
1.04094
1.04094
1.04094
1.04207
1.04487
1.05635
1.05679
1.05942
1.06905
1.07381
1.07596
1.08297
1.08377
1.08937
1.09017
1.09229
1.09279
1.0934
1.09448
1.09667
1.09983
1.09995
1.09995
1.10108
1.10333
1.11122
1.113
1.11545
1.11847
1.11897
1.11897
1.11909
1.1202
1.1202
1.1202
1.13153
1.1326
1.1326
1.1339
1.13528
1.13771
1.13771
1.13881
1.13969
1.13969
1.14003
1.14096
1.14186
1.14333
1.14333
1.14501
1.14575
1.14616
1.14616
1.14616
1.14683
1.14813
1.14954
1.14954
1.14954
1.14981
1.14981
1.14994
1.14994
1.14994
1.15006
1.15006
1.15061
1.15182
1.15182
1.15229
1.15483
1.15624
1.15624
1.15624
1.15789
1.15789
1.16082
1.16188
1.16681
1.17003
1.17308
1.17333
1.1751
1.1761
1.18076
1.18713
1.19627
1.20007
1.20586
1.20649
1.20751
1.2241
1.22568
1.22964
1.22964
1.22964
1.23189
1.23809
1.23809
1.23822
1.24226
1.24275
1.24275
1.24493
1.25049
1.25049
1.25328
1.2561
1.25812
1.2618
1.26383
1.26469
1.27277
1.27277
1.28154
1.29659
1.3002
1.30127
1.30673
1.31079
1.31173
1.31719
1.3185
1.32141
1.32253
1.32323
1.32392
1.32927
1.33119
1.33206
1.33659
1.33738
1.3374
1.33907
1.35459
1.35602
1.36222
1.36278
1.36498
1.36498
1.36534
1.36792
1.37019
1.37053
1.37323
1.37503
1.39122
1.39326
1.39326
1.39814
1.3999
1.40162
1.40498
1.41695
1.42532
1.42894
1.42917
1.42937
1.43219
1.43225
1.43537
1.43672
1.44449
1.44796
1.44913
1.45825
1.45896
1.45931
1.46044
1.46155
1.46155
1.46254
1.4655
1.46776
1.46898
1.47339
1.4751
1.47935
1.48007
1.49503
1.49813
1.50105
1.50266
1.50501
1.51045
1.51045
1.51294
1.51309
1.51742
1.51911
1.51982
1.52984
1.53394
1.55348
1.55462
1.55661
1.56088
1.56709
1.57078
1.57196
1.57201
1.57863
1.5842
1.58689
1.59193
1.59856
1.60388
1.61676
1.61676
1.61777
1.62297
1.62844
1.62918
1.63987
1.65103
1.65744
1.66249
1.67844
1.67886
1.68803
1.69128
1.6947
1.69635
1.69749
1.69749
1.69749
1.70089
1.70089
1.70089
1.70256
1.70656
1.70709
1.70831
1.7099
1.71274
1.71274
1.71274
1.71423
1.71446
1.71845
1.71863
1.72061
1.72061
1.72115
1.72456
1.73919
1.74521
1.74716
1.75122
1.75122
1.75122
1.75227
1.75337
1.75505
1.76265
1.76287
1.76366
1.76579
1.76627
1.76768
1.77713
1.78442
1.78715
1.79942
1.80336
1.80716
1.81241
1.81246
1.81246
1.82993
1.83594
1.83751
1.838
1.84014
1.84099
1.84618
1.85307
1.85586
1.85645
1.85669
1.87881
1.87914
1.90336
1.92466
1.93251
1.93621
1.94482
1.95111
1.96086
1.9681
1.9681
1.97597
1.98335
1.98474
1.98595
1.9877
1.98839
1.99445
1.99461
1.99546
2.00082
2.00364
2.00753
2.00883
2.00979
2.01325
2.01694
2.01946
2.02186
2.02351
2.02663
2.02853
2.04087
2.04534
2.04936
2.0555
2.07241
2.08719
2.09785
2.10102
2.10391
2.10627
2.10787
2.113
2.12509
2.12873
2.13221
2.13341
2.14802
2.14809
2.1533
2.16145
2.17569
2.18279
2.18456
2.1883
2.19076
2.19513
2.20304
2.20304
2.20675
2.20776
2.21178
2.21408
2.22765
2.23242
2.23369
2.23656
2.24001
2.24907
2.25513
2.25708
2.26265
2.26361
2.26521
2.26886
2.26886
2.26886
2.27274
2.27735
2.27834
2.28138
2.28159
2.28159
2.28344
2.29232
2.29535
2.29623
2.29976
2.30458
2.31578
2.31578
2.32185
2.32185
2.34006
2.34587
2.34642
2.34961
2.35693
2.36282
2.39229
2.39393
2.39587
2.40516
2.42514
2.44057
2.449
2.45246
2.4696
2.4948
2.49591
2.49915
2.50101
2.51717
2.51839
2.52323
2.52388
2.52388
2.53087
2.53186
2.55354
2.56928
2.57738
2.57884
2.57897
2.59782
2.60583
2.60965
2.61022
2.62346
2.62866
2.63277
2.64157
2.65346
2.65451
2.66238
2.67884
2.69289
2.71241
2.71559
2.71625
2.72037
2.72077
2.72148
2.72241
2.72555
2.72783
2.75413
2.75413
2.75934
2.76514
2.76842
2.79679
2.80332
2.80515
2.8155
2.82998
2.84833
2.85662
2.85848
2.87279
2.87934
2.87964
2.88001
2.88133
2.88285
2.88869
2.90604
2.9067
2.90779
2.91473
2.93594
2.94261
2.96655
2.97089
2.97588
2.98019
2.98221
2.9826
2.99109
2.99757
3.00123
3.00123
3.00187
3.01174
3.01232
3.01727
3.02396
3.02427
3.02963
3.03454
3.04475
3.05779
3.06051
3.06559
3.06664
3.07456
3.07456
3.08692
3.09092
3.09566
3.10005
3.11109
3.11109
3.12345
3.12612
3.12622
3.12625
3.15006
3.16473
3.17757
3.17765
3.18493
3.19309
3.19569
3.19865
3.19871
3.20275
3.21502
3.21643
3.22276
3.22935
3.22935
3.24797
3.24892
3.27423
3.27965
3.28943
3.30383
3.3213
3.32448
3.33175
3.35542
3.38566
3.38803
3.38962
3.39308
3.39497
3.40402
3.40402
3.40762
3.41091
3.42096
3.42478
3.42663
3.43331
3.43507
3.44246
3.44868
3.44913
3.45558
3.45986
3.46871
3.47681
3.47974
3.48036
3.4927
3.5047
3.50674
3.50715
3.55056
3.55308
3.58694
3.59543
3.60985
3.61693
3.62064
3.621
3.64078
3.64424
3.68142
3.69566
3.69848
3.70599
3.7083
3.71168
3.71633
3.7237
3.75069
3.76603
3.76751
3.78273
3.78393
3.84208
3.88695
3.89426
3.90926
3.9377
3.95193
3.95225
3.95814
3.96085
3.96726
3.96948
3.97252
3.98197
3.98271
3.98348
3.98348
3.98617
3.98736
3.99746
4.01855
4.03081
4.03514
4.03893
4.0394
4.04189
4.04372
4.04561
4.05868
4.0838
4.09668
4.0995
4.10665
4.11178
4.11856
4.13956
4.152
4.15391
4.16737
4.21247
4.21996
4.2312
4.2517
4.25745
4.26773
4.27044
4.28682
4.29093
4.30394
4.31111
4.31362
4.32077
4.32222
4.33097
4.33907
4.34395
4.43507
4.50337
4.51171
4.51351
4.53364
4.53425
4.53645
4.54283
4.54465
4.54465
4.56318
4.56318
4.57494
4.58175
4.63089
4.68922
4.74431
4.74504
4.7504
4.78588
4.78845
4.84132
4.84741
4.8481
4.86103
4.87088
4.87372
4.90272
4.92772
4.95894
4.96864
4.97145
4.99114
5.01602
5.01861
5.02069
5.02093
5.02108
5.05311
5.05591
5.06762
5.06975
5.07045
5.09107
5.09163
5.10132
5.10298
5.11092
5.12242
5.13
5.13061
5.1538
5.16898
5.17234
5.18431
5.20666
5.21444
5.24352
5.24545
5.24545
5.25558
5.26413
5.26968
5.30276
5.3807
5.39638
5.39853
5.40009
5.41007
5.42961
5.43138
5.43968
5.4489
5.51298
5.53427
5.54201
5.54411
5.54424
5.54578
5.55598
5.61944
5.62932
5.66616
5.6689
5.67249
5.68978
5.70454
5.71805
5.75842
5.76296
5.83518
5.841
5.87188
5.8965
5.94946
5.95275
5.95875
5.96809
5.99145
6.02239
6.04046
6.04934
6.08889
6.11186
6.23858
6.26855
6.28198
6.29675
6.31873
6.32211
6.37233
6.37446
6.38634
6.41594
6.43023
6.46228
6.48732
6.48765
6.5998
6.61744
6.63335
6.66438
6.67393
6.69931
6.75983
6.82412
6.83181
6.85175
6.87457
6.89455
6.91614
6.9906
7.02449
7.03799
7.04655
7.04683
7.05847
7.05989
7.08862
7.09238
7.12448
7.15254
7.16175
7.18358
7.25552
7.34156
7.3581
7.35848
7.40745
7.42392
7.43153
7.49398
7.53092
7.56263
7.56642
7.57163
7.63763
7.66181
7.83903
7.84051
7.9343
7.93712
8.01667
8.09551
8.15062
8.20766
8.21564
8.29627
8.30783
8.31416
8.37803
8.37961
8.40335
8.42873
8.46915
8.52496
8.62555
8.62838
8.9054
9.01342
9.10305
9.14064
9.3511
9.40706
9.41313
9.50502
9.6221
9.64451
9.85766
9.8709
11.5874
12.9867
13.4579
315.595
315.832
321.219
322.555
330.64
333.742
337.349
