1 28036 47.9468 -97.5528
2 59392 42.511 -97.4266
3 59297 37.3911 -97.3824
4 76770 32.5328 -97.618
5 24425 27.7355 -97.4273
6 48514 47.5019 -92.5239
7 36178 42.465 -92.4656
8 22286 37.6474 -92.6688
9 58767 32.5332 -92.6248
10 67855 29.9756 -92.1417
11 44738 47.4676 -87.8673
12 44533 42.3708 -87.8962
13 44377 37.4173 -87.4811
14 58908 32.4495 -87.5143
15 16633 42.8628 -82.5571
16 65452 37.5141 -82.4875
17 71737 32.4593 -82.4917
18 10739 27.5297 -82.508
19 19558 42.5105 -77.5175
20 51185 37.5089 -77.4868
21 78188 33.9601 -77.9385
22 29010 42.5706 -72.5924
