1 27999 48.3548 -99.9989
2 40703 40.8595 -99.9913
3 67383 37.1961 -99.9825
4 27999 48.3548 -99.9989
5 40703 40.8595 -99.9913
6 49138 37.7233 -99.9815
7 21870 32.4681 -99.9869
8 27999 48.3548 -99.9989
9 34655 43.3857 -99.9296
10 49138 37.7233 -99.9815
11 21870 32.4681 -99.9869
12 27999 48.3548 -99.9989
13 34655 43.3857 -99.9296
14 49138 37.7233 -99.9815
15 21870 32.4681 -99.9869
16 47881 47.7716 -99.9443
17 36058 42.5499 -99.8625
18 49138 37.7233 -99.9815
19 21870 32.4681 -99.9869
20 28036 47.9468 -97.5528
21 59392 42.511 -97.4266
22 59297 37.3911 -97.3824
23 76770 32.5328 -97.618
24 24425 27.7355 -97.4273
25 48514 47.5019 -92.5239
26 36178 42.465 -92.4656
27 22286 37.6474 -92.6688
28 58767 32.5332 -92.6248
29 44738 47.4676 -87.8673
30 44533 42.3708 -87.8962
31 44377 37.4173 -87.4811
32 58908 32.4495 -87.5143
33 16633 42.8628 -82.5571
34 65452 37.5141 -82.4875
35 71737 32.4593 -82.4917
36 10739 27.5297 -82.508
37 19558 42.5105 -77.5175
38 51185 37.5089 -77.4868
39 78188 33.9601 -77.9385
40 29010 42.5706 -72.5924
