-9.0 -1.584141e-05 3.219760e-03 -1.723085e-01 3.697766e+00
-8.9 -1.590882e-05 3.230264e-03 -1.728159e-01 3.705507e+00
-8.8 -1.570009e-05 3.203414e-03 -1.716958e-01 3.690458e+00
-8.7 -1.588298e-05 3.226876e-03 -1.726610e-01 3.703429e+00
-8.6 -1.566082e-05 3.199203e-03 -1.715472e-01 3.689006e+00
-8.5 -1.599559e-05 3.242954e-03 -1.734004e-01 3.714645e+00
-8.4 -1.597578e-05 3.241764e-03 -1.734142e-01 3.715812e+00
-8.3 -1.606347e-05 3.254030e-03 -1.739570e-01 3.723646e+00
-8.2 -1.608702e-05 3.256799e-03 -1.740570e-01 3.724938e+00
-8.1 -1.606351e-05 3.252405e-03 -1.737981e-01 3.720197e+00
-8.0 -1.603810e-05 3.249568e-03 -1.736860e-01 3.718833e+00
-7.9 -1.602560e-05 3.249349e-03 -1.737228e-01 3.719684e+00
-7.8 -1.594440e-05 3.239103e-03 -1.732965e-01 3.713977e+00
-7.7 -1.629584e-05 3.284014e-03 -1.751612e-01 3.739316e+00
-7.6 -1.631781e-05 3.288113e-03 -1.753805e-01 3.743083e+00
-7.5 -1.636204e-05 3.296445e-03 -1.758414e-01 3.750882e+00
-7.4 -1.605004e-05 3.253629e-03 -1.739411e-01 3.723853e+00
-7.3 -1.624510e-05 3.279047e-03 -1.750191e-01 3.738889e+00
-7.2 -1.640262e-05 3.301511e-03 -1.760378e-01 3.753771e+00
-7.1 -1.649560e-05 3.316730e-03 -1.768086e-01 3.766087e+00
-7.0 -1.651687e-05 3.320331e-03 -1.769816e-01 3.768800e+00
-6.9 -1.664397e-05 3.335285e-03 -1.775619e-01 3.776279e+00
-6.8 -1.657231e-05 3.326695e-03 -1.772231e-01 3.772068e+00
-6.7 -1.682704e-05 3.362963e-03 -1.788803e-01 3.796470e+00
-6.6 -1.689844e-05 3.369997e-03 -1.790628e-01 3.797383e+00
-6.5 -1.643651e-05 3.306411e-03 -1.762043e-01 3.755509e+00
-6.4 -1.633324e-05 3.293851e-03 -1.757003e-01 3.749040e+00
-6.3 -1.664893e-05 3.337676e-03 -1.776738e-01 3.777777e+00
-6.2 -1.671611e-05 3.345436e-03 -1.779568e-01 3.781243e+00
-6.1 -1.662592e-05 3.333702e-03 -1.774531e-01 3.774373e+00
-6.0 -1.696803e-05 3.380717e-03 -1.795430e-01 3.804490e+00
-5.9 -1.695081e-05 3.382751e-03 -1.798413e-01 3.811952e+00
-5.8 -1.664516e-05 3.340118e-03 -1.778784e-01 3.782441e+00
-5.7 -1.684235e-05 3.365473e-03 -1.789339e-01 3.796909e+00
-5.6 -1.699640e-05 3.385395e-03 -1.797600e-01 3.808162e+00
-5.5 -1.696527e-05 3.381872e-03 -1.796117e-01 3.805705e+00
-5.4 -1.683792e-05 3.366684e-03 -1.790429e-01 3.799169e+00
-5.3 -1.699548e-05 3.388471e-03 -1.800063e-01 3.812973e+00
-5.2 -1.710759e-05 3.402264e-03 -1.805554e-01 3.820265e+00
-5.1 -1.699099e-05 3.386587e-03 -1.798707e-01 3.810772e+00
-5.0 -1.685000e-05 3.368023e-03 -1.790560e-01 3.799044e+00
-4.9 -1.721686e-05 3.420385e-03 -1.814691e-01 3.834890e+00
-4.8 -1.733673e-05 3.434627e-03 -1.820153e-01 3.841891e+00
-4.7 -1.718134e-05 3.415073e-03 -1.812091e-01 3.831079e+00
-4.6 -1.733674e-05 3.437451e-03 -1.822386e-01 3.846373e+00
-4.5 -1.733691e-05 3.437220e-03 -1.822196e-01 3.846222e+00
-4.4 -1.737107e-05 3.440190e-03 -1.822630e-01 3.845516e+00
-4.3 -1.735916e-05 3.440042e-03 -1.823163e-01 3.847189e+00
-4.2 -1.744940e-05 3.452593e-03 -1.828767e-01 3.855463e+00
-4.1 -1.734484e-05 3.438161e-03 -1.822178e-01 3.845708e+00
-4.0 -1.746881e-05 3.454415e-03 -1.829080e-01 3.855226e+00
-3.9 -1.767895e-05 3.483999e-03 -1.842368e-01 3.874468e+00
-3.8 -1.782913e-05 3.505712e-03 -1.852575e-01 3.890068e+00
-3.7 -1.798556e-05 3.526641e-03 -1.861673e-01 3.903143e+00
-3.6 -1.780197e-05 3.502943e-03 -1.851693e-01 3.889745e+00
-3.5 -1.762380e-05 3.479339e-03 -1.841572e-01 3.875963e+00
-3.4 -1.815144e-05 3.550739e-03 -1.872997e-01 3.920946e+00
-3.3 -1.784300e-05 3.507519e-03 -1.852757e-01 3.889453e+00
-3.2 -1.769164e-05 3.486626e-03 -1.843467e-01 3.876359e+00
-3.1 -1.765929e-05 3.483433e-03 -1.842501e-01 3.875714e+00
-3.0 -1.759005e-05 3.477221e-03 -1.840906e-01 3.874977e+00
-2.9 -1.812614e-05 3.549109e-03 -1.872356e-01 3.919896e+00
-2.8 -1.785653e-05 3.517177e-03 -1.859990e-01 3.904481e+00
-2.7 -1.789134e-05 3.524402e-03 -1.863960e-01 3.910980e+00
-2.6 8.582464e-06 -4.434180e-04 4.537259e-03 9.732375e-01
-2.5 1.784876e-05 -1.415322e-03 3.452854e-02 7.126956e-01
-2.4 3.099239e-05 -2.768642e-03 7.560289e-02 3.605047e-01
-2.3 4.473188e-05 -4.139710e-03 1.160661e-01 2.125265e-02
-2.2 5.576459e-05 -5.172912e-03 1.447555e-01 -2.071731e-01
-2.1 6.326921e-05 -5.784525e-03 1.592814e-01 -3.056876e-01
-2.0 6.661565e-05 -5.911770e-03 1.579655e-01 -2.621876e-01
-1.9 6.617294e-05 -5.606884e-03 1.429042e-01 -9.867183e-02
-1.8 6.182586e-05 -4.869151e-03 1.145982e-01 1.763685e-01
-1.7 5.441568e-05 -3.809488e-03 7.724221e-02 5.208724e-01
-1.6 4.481042e-05 -2.539664e-03 3.502350e-02 8.937417e-01
-1.5 3.453187e-05 -1.247079e-03 -5.360979e-03 1.231370e+00
-1.4 2.525905e-05 -1.396208e-04 -3.643697e-02 1.463612e+00
-1.3 1.763497e-05 7.372256e-04 -5.806535e-02 1.599921e+00
-1.2 1.191069e-05 1.368895e-03 -7.046066e-02 1.648101e+00
-1.1 1.140643e-05 1.327565e-03 -5.763410e-02 1.463045e+00
-1.0 1.205808e-05 1.151879e-03 -4.036011e-02 1.241861e+00
-0.9 1.710645e-05 4.460890e-04 -5.164022e-03 8.892987e-01
-0.8 2.169250e-05 -1.747162e-04 2.552216e-02 6.014306e-01
-0.7 2.592796e-05 -7.202494e-04 5.155585e-02 3.971264e-01
-0.6 2.877526e-05 -1.072644e-03 6.938833e-02 2.930048e-01
-0.5 3.144010e-05 -1.392617e-03 8.542677e-02 2.200184e-01
-0.4 3.313986e-05 -1.587587e-03 9.666272e-02 1.970831e-01
-0.3 3.388903e-05 -1.658653e-03 1.031835e-01 2.195802e-01
-0.2 3.438319e-05 -1.700452e-03 1.087834e-01 2.493497e-01
-0.1 3.493806e-05 -1.749599e-03 1.146705e-01 2.762617e-01
0.0 3.532801e-05 -1.778748e-03 1.199682e-01 3.030194e-01
0.1 3.617369e-05 -1.876264e-03 1.285499e-01 2.804185e-01
0.2 3.630827e-05 -1.872042e-03 1.327062e-01 3.141216e-01
0.3 3.655398e-05 -1.874391e-03 1.368326e-01 3.496077e-01
0.4 3.691074e-05 -1.895279e-03 1.419185e-01 3.719404e-01
0.5 3.715171e-05 -1.904043e-03 1.467464e-01 3.921588e-01
0.6 3.554827e-05 -1.713725e-03 1.452057e-01 4.686268e-01
0.7 3.585547e-05 -1.730965e-03 1.504132e-01 4.839774e-01
0.8 3.426248e-05 -1.546358e-03 1.493830e-01 5.519051e-01
0.9 3.289963e-05 -1.381253e-03 1.486485e-01 6.195544e-01
1.0 3.137465e-05 -1.210752e-03 1.483304e-01 6.776170e-01
1.1 3.179447e-05 -1.231264e-03 1.533978e-01 6.909676e-01
1.2 3.036859e-05 -1.074042e-03 1.536165e-01 7.425509e-01
1.3 2.951625e-05 -9.781974e-04 1.556419e-01 7.798512e-01
1.4 2.818579e-05 -8.391134e-04 1.566643e-01 8.227538e-01
1.5 2.690781e-05 -7.085702e-04 1.580936e-01 8.597074e-01
1.6 2.613754e-05 -6.154258e-04 1.600717e-01 8.950824e-01
1.7 2.550185e-05 -5.449298e-04 1.631660e-01 9.185317e-01
1.8 2.511922e-05 -4.918125e-04 1.665921e-01 9.384934e-01
1.9 2.433022e-05 -4.049686e-04 1.691910e-01 9.656595e-01
2.0 2.357799e-05 -3.196386e-04 1.718323e-01 9.924460e-01
2.1 2.291965e-05 -2.341026e-04 1.743392e-01 1.020835e+00
2.2 2.257518e-05 -1.391687e-04 1.754388e-01 1.067326e+00
2.3 2.464902e-05 -3.075616e-04 1.849035e-01 1.041370e+00
2.4 2.758569e-05 -5.580095e-04 1.969349e-01 9.883909e-01
2.5 2.732851e-05 -5.290598e-04 2.015164e-01 9.960265e-01
2.6 3.812051e-05 -1.423160e-03 2.290804e-01 8.356603e-01
2.7 4.580833e-05 -2.051535e-03 2.500705e-01 7.226717e-01
2.8 5.620691e-05 -2.892408e-03 2.760871e-01 5.745743e-01
2.9 5.508138e-05 -2.757668e-03 2.771280e-01 6.109429e-01
3.0 4.991751e-05 -2.328693e-03 2.718396e-01 6.900884e-01
3.1 5.193453e-05 -2.473872e-03 2.802816e-01 6.723359e-01
3.2 4.688531e-05 -2.060291e-03 2.755225e-01 7.466546e-01
3.3 4.721023e-05 -2.072709e-03 2.809958e-01 7.482548e-01
3.4 4.146359e-05 -1.611629e-03 2.752385e-01 8.294414e-01
3.5 3.505619e-05 -1.107098e-03 2.686626e-01 9.154575e-01
3.6 3.434812e-05 -1.038330e-03 2.722100e-01 9.313078e-01
3.7 3.039645e-05 -7.286458e-04 2.703356e-01 9.836420e-01
3.8 2.558530e-05 -3.127547e-04 2.648484e-01 1.066375e+00
3.9 2.121204e-05 4.091218e-05 2.619058e-01 1.125731e+00
4.0 1.912881e-05 2.071787e-04 2.634195e-01 1.154018e+00
4.1 1.288615e-05 7.523700e-04 2.553486e-01 1.251579e+00
4.2 1.250983e-05 7.967061e-04 2.595264e-01 1.262481e+00
4.3 2.217690e-05 9.588713e-05 2.811484e-01 1.144641e+00
4.4 1.622199e-05 7.229480e-04 2.695889e-01 1.266615e+00
4.5 4.163759e-05 -1.009270e-03 3.115924e-01 1.031510e+00
4.6 3.880101e-05 -7.935697e-04 3.122228e-01 1.063229e+00
4.7 8.413421e-05 -3.804228e-03 3.792166e-01 6.785705e-01
4.8 1.328861e-04 -7.049475e-03 4.515612e-01 2.571231e-01
4.9 1.358275e-04 -7.218812e-03 4.601017e-01 2.392754e-01
5.0 1.375597e-04 -7.308334e-03 4.670282e-01 2.315123e-01
5.1 1.153333e-04 -5.859658e-03 4.432771e-01 4.117801e-01
5.2 1.174693e-04 -5.971928e-03 4.506275e-01 4.017601e-01
5.3 1.191170e-04 -6.055895e-03 4.574833e-01 3.944280e-01
5.4 9.627264e-05 -4.608460e-03 4.345091e-01 5.663975e-01
5.5 9.563051e-05 -4.555045e-03 4.389172e-01 5.725858e-01
5.6 9.480168e-05 -4.492906e-03 4.430971e-01 5.807124e-01
5.7 6.777249e-05 -2.817795e-03 4.162962e-01 7.730041e-01
5.8 6.682608e-05 -2.741793e-03 4.200962e-01 7.840614e-01
5.9 4.611539e-05 -1.481500e-03 4.017028e-01 9.242861e-01
6.0 4.556964e-05 -1.431608e-03 4.060756e-01 9.315081e-01
6.1 1.007188e-05 7.886538e-04 3.693238e-01 1.177748e+00
6.2 -2.658675e-05 3.145260e-03 3.274937e-01 1.465632e+00
6.3 -3.129103e-05 3.451444e-03 3.269494e-01 1.501808e+00
6.4 -3.716544e-05 3.826131e-03 3.251500e-01 1.545094e+00
6.5 -3.901967e-05 3.963827e-03 3.277425e-01 1.563120e+00
6.6 -9.669940e-05 7.744447e-03 2.586559e-01 2.009789e+00
6.7 -2.715661e-05 3.884205e-03 3.319707e-01 1.635097e+00
6.8 -3.521312e-05 4.373910e-03 3.283498e-01 1.687307e+00
6.9 -4.378278e-05 4.895751e-03 3.240840e-01 1.743510e+00
7.0 1.361323e-04 -4.925370e-03 4.994190e-01 8.179999e-01
7.1 5.088963e-04 -2.484141e-02 8.426996e-01 -9.924123e-01
7.2 5.109585e-04 -2.490269e-02 8.485738e-01 -9.918381e-01
7.3 4.239322e-04 -2.030695e-02 7.769882e-01 -5.828123e-01
7.4 4.316121e-04 -2.065748e-02 7.875958e-01 -6.067254e-01
7.5 4.369599e-04 -2.089094e-02 7.964086e-01 -6.218795e-01
7.6 4.422444e-04 -2.112527e-02 8.053253e-01 -6.379524e-01
7.7 4.469138e-04 -2.133230e-02 8.138431e-01 -6.521050e-01
7.8 3.425389e-04 -1.597850e-02 7.319020e-01 -1.981579e-01
7.9 2.812210e-04 -1.261254e-02 6.801214e-01 9.382448e-02
8.0 2.871078e-04 -1.286382e-02 6.890539e-01 7.890365e-02
8.1 2.922811e-04 -1.308103e-02 6.974573e-01 6.668150e-02
8.2 2.872709e-04 -1.278222e-02 6.975621e-01 9.678516e-02
8.3 1.205427e-04 -4.442807e-03 5.697609e-01 7.761410e-01
8.4 1.145601e-04 -4.091215e-03 5.689939e-01 8.107166e-01
8.5 1.088663e-04 -3.764374e-03 5.688086e-01 8.412131e-01
8.6 9.844774e-05 -3.210003e-03 5.651402e-01 8.889831e-01
8.7 -4.691038e-05 3.880458e-03 4.598345e-01 1.442899e+00
8.8 -5.152950e-05 4.151719e-03 4.606067e-01 1.468372e+00
8.9 -5.907326e-05 4.561928e-03 4.592625e-01 1.504177e+00
9.0 -3.278243e-04 1.781237e-02 2.586173e-01 2.522612e+00
