-9.0 -2.190128e-05 4.016676e-03 -2.064382e-01 4.173333e+00
-8.9 -2.193706e-05 4.022409e-03 -2.067184e-01 4.177633e+00
-8.8 -2.190146e-05 4.018143e-03 -2.065582e-01 4.175868e+00
-8.7 -2.195319e-05 4.024297e-03 -2.067793e-01 4.178428e+00
-8.6 -2.201277e-05 4.034292e-03 -2.073026e-01 4.187112e+00
-8.5 -2.194299e-05 4.024288e-03 -2.068329e-01 4.180138e+00
-8.4 -2.193948e-05 4.024801e-03 -2.069018e-01 4.181846e+00
-8.3 -2.211233e-05 4.048814e-03 -2.079689e-01 4.197245e+00
-8.2 -2.210442e-05 4.048112e-03 -2.079468e-01 4.197168e+00
-8.1 -2.201757e-05 4.035504e-03 -2.073418e-01 4.187689e+00
-8.0 -2.208000e-05 4.043307e-03 -2.076484e-01 4.191687e+00
-7.9 -2.211435e-05 4.049291e-03 -2.079523e-01 4.196274e+00
-7.8 -2.210244e-05 4.048388e-03 -2.079352e-01 4.196380e+00
-7.7 -2.211863e-05 4.049218e-03 -2.079131e-01 4.195454e+00
-7.6 -2.216772e-05 4.056991e-03 -2.082941e-01 4.201526e+00
-7.5 -2.232387e-05 4.080767e-03 -2.094452e-01 4.219301e+00
-7.4 -2.222792e-05 4.066885e-03 -2.088027e-01 4.210015e+00
-7.3 -2.211181e-05 4.050151e-03 -2.080284e-01 4.198669e+00
-7.2 -2.227644e-05 4.074161e-03 -2.091385e-01 4.215146e+00
-7.1 -2.243866e-05 4.098180e-03 -2.102731e-01 4.232360e+00
-7.0 -2.241428e-05 4.094387e-03 -2.100749e-01 4.229224e+00
-6.9 -2.235013e-05 4.086026e-03 -2.097297e-01 4.224724e+00
-6.8 -2.236841e-05 4.088804e-03 -2.098580e-01 4.226759e+00
-6.7 -2.254909e-05 4.115366e-03 -2.111018e-01 4.245440e+00
-6.6 -2.246737e-05 4.102262e-03 -2.104230e-01 4.234378e+00
-6.5 -2.233384e-05 4.082652e-03 -2.094779e-01 4.219529e+00
-6.4 -2.235363e-05 4.085382e-03 -2.095934e-01 4.221250e+00
-6.3 -2.253254e-05 4.112178e-03 -2.108761e-01 4.240848e+00
-6.2 -2.251319e-05 4.109084e-03 -2.107145e-01 4.238367e+00
-6.1 -2.246980e-05 4.102894e-03 -2.104232e-01 4.234135e+00
-6.0 -2.254581e-05 4.114499e-03 -2.109817e-01 4.242744e+00
-5.9 -2.275068e-05 4.146276e-03 -2.125748e-01 4.268503e+00
-5.8 -2.266092e-05 4.131593e-03 -2.117909e-01 4.255192e+00
-5.7 -2.263012e-05 4.127186e-03 -2.115809e-01 4.252144e+00
-5.6 -2.270758e-05 4.137974e-03 -2.120531e-01 4.258933e+00
-5.5 -2.268707e-05 4.134924e-03 -2.118888e-01 4.255807e+00
-5.4 -2.267719e-05 4.134629e-03 -2.119353e-01 4.257555e+00
-5.3 -2.276056e-05 4.147109e-03 -2.125180e-01 4.266282e+00
-5.2 -2.279328e-05 4.151209e-03 -2.126816e-01 4.268573e+00
-5.1 -2.270903e-05 4.139330e-03 -2.121417e-01 4.260872e+00
-5.0 -2.273853e-05 4.143417e-03 -2.123055e-01 4.262876e+00
-4.9 -2.294589e-05 4.174688e-03 -2.138120e-01 4.286063e+00
-4.8 -2.285591e-05 4.161566e-03 -2.131948e-01 4.276953e+00
-4.7 -2.294614e-05 4.174433e-03 -2.137824e-01 4.285633e+00
-4.6 -2.296016e-05 4.177212e-03 -2.139330e-01 4.288191e+00
-4.5 -2.297929e-05 4.179888e-03 -2.140541e-01 4.290176e+00
-4.4 -2.300660e-05 4.183186e-03 -2.141608e-01 4.290976e+00
-4.3 -2.294792e-05 4.175742e-03 -2.138560e-01 4.287085e+00
-4.2 -2.310913e-05 4.198220e-03 -2.148655e-01 4.301920e+00
-4.1 -2.301687e-05 4.185218e-03 -2.142604e-01 4.292822e+00
-4.0 -2.299763e-05 4.182615e-03 -2.141398e-01 4.290979e+00
-3.9 -2.315438e-05 4.205214e-03 -2.151737e-01 4.306198e+00
-3.8 -2.306525e-05 4.193743e-03 -2.147042e-01 4.300157e+00
-3.7 -2.326723e-05 4.222911e-03 -2.160557e-01 4.320493e+00
-3.6 -2.307538e-05 4.196142e-03 -2.148493e-01 4.303248e+00
-3.5 -2.317163e-05 4.209371e-03 -2.154421e-01 4.312150e+00
-3.4 -2.320969e-05 4.217325e-03 -2.159074e-01 4.320359e+00
-3.3 -2.309901e-05 4.198337e-03 -2.148489e-01 4.301396e+00
-3.2 -2.312788e-05 4.204473e-03 -2.152099e-01 4.307939e+00
-3.1 -2.298861e-05 4.184368e-03 -2.142754e-01 4.294189e+00
-3.0 -2.325773e-05 4.224600e-03 -2.161815e-01 4.323188e+00
-2.9 -2.314136e-05 4.208948e-03 -2.155105e-01 4.314117e+00
-2.8 -2.331439e-05 4.236074e-03 -2.168352e-01 4.334776e+00
-2.7 -2.332399e-05 4.238110e-03 -2.169360e-01 4.336224e+00
-2.6 -1.203118e-05 2.651586e-03 -1.448588e-01 3.279319e+00
-2.5 2.721331e-05 -2.805826e-03 1.007337e-01 -2.920597e-01
-2.4 7.497100e-05 -9.322540e-03 3.890485e-01 -4.422839e+00
-2.3 1.134135e-04 -1.435224e-02 6.031184e-01 -7.384910e+00
-2.2 1.283392e-04 -1.591048e-02 6.536039e-01 -7.882108e+00
-2.1 1.205863e-04 -1.417564e-02 5.515436e-01 -6.117533e+00
-2.0 9.274257e-05 -9.580918e-03 3.199713e-01 -2.475388e+00
-1.9 5.330020e-05 -3.409785e-03 2.111027e-02 2.080858e+00
-1.8 9.057356e-06 3.287531e-03 -2.930344e-01 6.732840e+00
-1.7 -2.915183e-05 8.894761e-03 -5.453056e-01 1.030653e+01
-1.6 -5.231897e-05 1.207838e-02 -6.725737e-01 1.185171e+01
-1.5 -5.261238e-05 1.172358e-02 -6.245820e-01 1.065576e+01
-1.4 -2.830392e-05 7.663649e-03 -3.987702e-01 6.781027e+00
-1.3 4.853938e-06 2.346837e-03 -1.172908e-01 2.161399e+00
-1.2 3.451758e-05 -2.318566e-03 1.249129e-01 -1.696302e+00
-1.1 4.182410e-05 -3.350282e-03 1.746385e-01 -2.242135e+00
-1.0 4.632781e-05 -3.942773e-03 2.024725e-01 -2.446056e+00
-0.9 5.054341e-05 -4.475863e-03 2.266110e-01 -2.579176e+00
-0.8 5.194778e-05 -4.598821e-03 2.321257e-01 -2.458317e+00
-0.7 5.541676e-05 -5.068502e-03 2.568411e-01 -2.687039e+00
-0.6 5.703085e-05 -5.256562e-03 2.679985e-01 -2.712499e+00
-0.5 5.805225e-05 -5.354680e-03 2.748066e-01 -2.671057e+00
-0.4 5.872614e-05 -5.406612e-03 2.797889e-01 -2.609756e+00
-0.3 5.956980e-05 -5.501130e-03 2.879872e-01 -2.623376e+00
-0.2 6.138955e-05 -5.747507e-03 3.037603e-01 -2.755473e+00
-0.1 6.282401e-05 -5.936034e-03 3.167898e-01 -2.846162e+00
0.0 6.290548e-05 -5.921931e-03 3.201831e-01 -2.793513e+00
0.1 6.452216e-05 -6.148485e-03 3.357856e-01 -2.939599e+00
0.2 6.705841e-05 -6.506466e-03 3.575145e-01 -3.178667e+00
0.3 6.836615e-05 -6.668956e-03 3.694067e-01 -3.263608e+00
0.4 7.074735e-05 -6.994503e-03 3.892331e-01 -3.469275e+00
0.5 7.236650e-05 -7.200724e-03 4.029878e-01 -3.574269e+00
0.6 6.653703e-05 -6.319522e-03 3.655237e-01 -2.906347e+00
0.7 6.739798e-05 -6.407991e-03 3.734775e-01 -2.920379e+00
0.8 6.436097e-05 -5.951985e-03 3.568990e-01 -2.577798e+00
0.9 5.674987e-05 -4.813717e-03 3.075299e-01 -1.733696e+00
1.0 5.097156e-05 -3.983445e-03 2.744220e-01 -1.155549e+00
1.1 5.316917e-05 -4.271082e-03 2.925386e-01 -1.348735e+00
1.2 4.884705e-05 -3.665213e-03 2.705751e-01 -9.482458e-01
1.3 4.155054e-05 -2.621258e-03 2.275905e-01 -2.239955e-01
1.4 3.352842e-05 -1.527880e-03 1.846449e-01 4.710991e-01
1.5 2.426822e-05 -2.825653e-04 1.356307e-01 1.245375e+00
1.6 2.241459e-05 -8.899251e-05 1.356767e-01 1.265465e+00
1.7 1.492398e-05 8.982628e-04 9.892958e-02 1.850258e+00
1.8 1.352500e-05 1.103833e-03 9.488875e-02 1.989151e+00
1.9 4.029132e-06 2.335240e-03 4.849342e-02 2.697990e+00
2.0 -7.102144e-06 3.756097e-03 -4.884313e-03 3.489634e+00
2.1 -2.463154e-05 5.993798e-03 -9.201405e-02 4.735451e+00
2.2 -5.296021e-05 9.513552e-03 -2.268933e-01 6.528935e+00
2.3 -5.689848e-05 1.001484e-02 -2.419244e-01 6.799641e+00
2.4 -5.000864e-05 9.196638e-03 -2.043469e-01 6.384360e+00
2.5 -5.555987e-05 9.882578e-03 -2.263915e-01 6.743956e+00
2.6 1.628598e-05 1.339335e-03 1.142063e-01 2.403722e+00
2.7 1.162423e-04 -1.036026e-02 5.705885e-01 -3.316823e+00
2.8 3.132283e-04 -3.319075e-02 1.447581e+00 -1.427302e+01
2.9 3.154688e-04 -3.340880e-02 1.460302e+00 -1.435633e+01
3.0 3.381916e-04 -3.596512e-02 1.560967e+00 -1.552938e+01
3.1 3.159017e-04 -3.325783e-02 1.459494e+00 -1.415781e+01
3.2 3.364857e-04 -3.556747e-02 1.551013e+00 -1.522118e+01
3.3 3.357086e-04 -3.546521e-02 1.552679e+00 -1.517986e+01
3.4 3.554161e-04 -3.769248e-02 1.641667e+00 -1.621721e+01
3.5 3.609912e-04 -3.836976e-02 1.674589e+00 -1.658428e+01
3.6 3.372126e-04 -3.575201e-02 1.585552e+00 -1.546349e+01
3.7 3.313434e-04 -3.512466e-02 1.569619e+00 -1.522954e+01
3.8 3.070332e-04 -3.247862e-02 1.480586e+00 -1.412002e+01
3.9 3.337115e-04 -3.597333e-02 1.634161e+00 -1.614865e+01
4.0 2.384275e-04 -2.583435e-02 1.283188e+00 -1.200499e+01
4.1 -2.101620e-04 2.064941e-02 -3.014755e-01 5.975493e+00
4.2 -2.633566e-04 2.619196e-02 -4.862976e-01 8.131745e+00
4.3 -9.118541e-04 9.399072e-02 -2.830404e+00 3.512679e+01
4.4 -2.356542e-03 2.456914e-01 -8.095395e+00 9.574540e+01
4.5 -3.908530e-03 4.056972e-01 -1.356312e+01 1.578692e+02
4.6 -4.056889e-03 4.206129e-01 -1.405395e+01 1.633398e+02
4.7 -4.987670e-03 5.152209e-01 -1.724065e+01 1.991003e+02
4.8 6.046692e-04 -4.780496e-02 1.603064e+00 -1.037094e+01
4.9 4.749773e-04 -3.483841e-02 1.179581e+00 -5.670587e+00
5.0 2.746919e-04 -1.499292e-02 5.331433e-01 1.433996e+00
5.1 3.937500e-04 -2.659067e-02 9.164690e-01 -2.677807e+00
5.2 2.508889e-04 -1.244555e-02 4.578406e-01 2.374124e+00
5.3 8.744444e-05 3.622869e-03 -6.051293e-02 8.042189e+00
5.4 5.763611e-04 -4.352587e-02 1.460042e+00 -8.176365e+00
5.5 3.483704e-04 -2.144429e-02 7.554022e-01 -5.893366e-01
5.6 2.469167e-04 -1.232700e-02 4.896367e-01 2.084567e+00
5.7 2.045833e-04 -8.888357e-03 4.047008e-01 2.850397e+00
5.8 1.328333e-04 -2.992786e-03 2.526320e-01 4.212541e+00
5.9 1.578500e-03 -1.401855e-01 4.594940e+00 -4.144759e+01
6.0 1.042667e-03 -9.078050e-02 3.083496e+00 -2.593215e+01
6.1 -1.333333e-05 6.260500e-03 1.181348e-01 4.373002e+00