-9.0 -8.744752e-05 54.1818
-8.9 -8.746246e-05 54.1831
-8.8 -8.744331e-05 54.1893
-8.7 -8.751182e-05 54.1763
-8.6 -8.750096e-05 54.182
-8.5 -8.750453e-05 54.1833
-8.4 -8.748820e-05 54.1895
-8.3 -8.757314e-05 54.174
-8.2 -8.758081e-05 54.175
-8.1 -8.758794e-05 54.1781
-8.0 -8.765230e-05 54.1656
-7.9 -8.765933e-05 54.1713
-7.8 -8.765679e-05 54.1755
-7.7 -8.771071e-05 54.1639
-7.6 -8.776047e-05 54.1592
-7.5 -8.778092e-05 54.1601
-7.4 -8.777022e-05 54.1623
-7.3 -8.775553e-05 54.1662
-7.2 -8.782073e-05 54.1581
-7.1 -8.786098e-05 54.1541
-7.0 -8.790769e-05 54.1489
-6.9 -8.788108e-05 54.1572
-6.8 -8.790622e-05 54.1549
-6.7 -8.796190e-05 54.1487
-6.6 -8.800842e-05 54.1417
-6.5 -8.801775e-05 54.1455
-6.4 -8.805012e-05 54.1413
-6.3 -8.808523e-05 54.1397
-6.2 -8.811304e-05 54.136
-6.1 -8.816088e-05 54.1302
-6.0 -8.809676e-05 54.1387
-5.9 -8.808526e-05 54.1426
-5.8 -8.814905e-05 54.1344
-5.7 -8.816558e-05 54.1333
-5.6 -8.822296e-05 54.1245
-5.5 -8.828666e-05 54.121
-5.4 -8.826202e-05 54.1278
-5.3 -8.830954e-05 54.1244
-5.2 -8.836743e-05 54.1157
-5.1 -8.840899e-05 54.1118
-5.0 -8.850339e-05 54.1022
-4.9 -8.855433e-05 54.0999
-4.8 -8.857841e-05 54.0986
-4.7 -8.861476e-05 54.0947
-4.6 -8.864703e-05 54.095
-4.5 -8.869359e-05 54.0896
-4.4 -8.880208e-05 54.0778
-4.3 -8.880676e-05 54.0829
-4.2 -8.890457e-05 54.0671
-4.1 -8.888494e-05 54.0725
-4.0 -8.892001e-05 54.0731
-3.9 -8.900906e-05 54.0634
-3.8 -8.905289e-05 54.0657
-3.7 -8.915623e-05 54.0513
-3.6 -8.913626e-05 54.0606
-3.5 -8.921596e-05 54.0488
-3.4 -8.921378e-05 54.0599
-3.3 -8.934338e-05 54.0474
-3.2 -8.936489e-05 54.0537
-3.1 -8.936227e-05 54.0594
-3.0 -8.943328e-05 54.0556
-2.9 -8.939678e-05 54.0691
-2.8 -8.942561e-05 54.0747
-2.7 -8.943964e-05 54.0817
-2.6 -8.603457e-05 54.8311
-2.5 -7.271689e-05 58.4792
-2.4 -5.358696e-05 67.1179
-2.3 -3.350277e-05 87.4719
-2.2 -1.751294e-05 139.137
-2.1 -7.188405e-06 301.831
-2.0 -3.968633e-06 549.128
-1.9 -7.704255e-06 318.511
-1.8 -1.898800e-05 158.417
-1.7 -3.670053e-05 103.23
-1.6 -5.941999e-05 79.6238
-1.5 -8.414399e-05 67.841
-1.4 -1.068321e-04 61.2961
-1.3 -1.254518e-04 57.3437
-1.2 -1.389132e-04 54.8053
-1.1 -1.353606e-04 53.912
-1.0 -1.279563e-04 53.3623
-0.9 -1.022578e-04 54.9907
-0.8 -7.808131e-05 57.8801
-0.7 -5.633646e-05 63.4378
-0.6 -4.483355e-05 69.0797
-0.5 -3.489801e-05 77.531
-0.4 -3.124768e-05 82.8541
-0.3 -3.233011e-05 82.8305
-0.2 -3.423300e-05 81.7629
-0.1 -3.584897e-05 81.1075
0.0 -3.806378e-05 79.7623
0.1 -3.532523e-05 82.9404
0.2 -3.880880e-05 80.1168
0.3 -4.214831e-05 78.0008
0.4 -4.458194e-05 76.728
0.5 -4.702875e-05 75.4597
0.6 -5.455481e-05 70.7269
0.7 -5.693519e-05 69.9245
0.8 -6.543851e-05 66.0158
0.9 -7.379352e-05 63.0874
1.0 -8.167421e-05 60.6484
1.1 -8.282716e-05 60.6809
1.2 -9.058031e-05 58.6432
1.3 -9.718799e-05 57.1486
1.4 -1.047569e-04 55.5566
1.5 -1.126261e-04 54.0632
1.6 -1.205436e-04 52.8506
1.7 -1.283542e-04 51.698
1.8 -1.317029e-04 51.3981
1.9 -1.408218e-04 50.2444
2.0 -1.505408e-04 49.1477
2.1 -1.608917e-04 48.1306
2.2 -1.714622e-04 47.3887
2.3 -1.768438e-04 46.9696
2.4 -1.811291e-04 46.5664
2.5 -1.819628e-04 46.5204
2.6 -1.793786e-04 46.907
2.7 -1.744670e-04 47.4986
2.8 -1.647275e-04 48.752
2.9 -1.724286e-04 48.1209
3.0 -1.955464e-04 45.6824
3.1 -1.912668e-04 46.1994
3.2 -2.148174e-04 44.0911
3.3 -2.152234e-04 44.1293
3.4 -2.426377e-04 42.1565
3.5 -2.732606e-04 40.3682
3.6 -2.763510e-04 40.2758
3.7 -3.016398e-04 39.0456
3.8 -3.342347e-04 37.8795
3.9 -3.460591e-04 37.5124
4.0 -3.697897e-04 36.7035
4.1 -4.064644e-04 35.7671
4.2 -4.073524e-04 35.7841
4.3 -3.928312e-04 36.0146
4.4 -4.268036e-04 35.5414
4.5 -3.842999e-04 36.9723
4.6 -3.921026e-04 36.7353
4.7 -2.971542e-04 41.4888
4.8 -2.159901e-04 48.6796
4.9 -2.079260e-04 49.817
5.0 -2.042586e-04 50.434
5.1 -2.949321e-04 41.5997
5.2 -2.914259e-04 41.9401
5.3 -2.891843e-04 42.1836
5.4 -3.869688e-04 36.849
5.5 -3.926496e-04 36.6547
5.6 -3.950876e-04 36.5769
5.7 -5.109972e-04 32.9519
5.8 -5.147134e-04 32.8996
5.9 -6.182688e-04 30.7691
6.0 -6.214086e-04 30.744
6.1 -7.524188e-04 29.0189
6.2 -9.609087e-04 27.3472
6.3 -9.801261e-04 27.236
6.4 -1.054473e-03 26.7134
6.5 -1.063551e-03 26.686
6.6 -1.271377e-03 25.8927
6.7 -1.081186e-03 27.2075
6.8 -1.113543e-03 27.0053
6.9 -1.146628e-03 26.813
7.0 -5.623359e-04 35.7895
7.1 7.240843e-04 3.82881
7.2 7.267854e-04 3.78775
7.3 3.971900e-04 -7.69209
7.4 4.221407e-04 -6.38011
7.5 4.389994e-04 -5.60398
7.6 4.577826e-04 -4.76869
7.7 4.743581e-04 -4.08707
7.8 4.973615e-05 -184.947
7.9 -4.571498e-04 40.2125
8.0 -4.445114e-04 41.0542
8.1 -4.349433e-04 41.7648
8.2 -4.669664e-04 40.2265
8.3 -1.285325e-03 25.2356
8.4 -1.325043e-03 25.0482
8.5 -1.361499e-03 24.8743
8.6 -1.420068e-03 24.5778
8.7 -2.241707e-03 21.5279
8.8 -2.280924e-03 21.4731
8.9 -2.332934e-03 21.3898
9.0 -3.685583e-03 19.5735
