-9.0 7.000000e+01
-8.9 7.000000e+01
-8.8 7.000000e+01
-8.7 7.000000e+01
-8.6 7.000000e+01
-8.5 7.000000e+01
-8.4 7.000000e+01
-8.3 7.000000e+01
-8.2 7.000000e+01
-8.1 7.000000e+01
-8.0 7.000000e+01
-7.9 7.000000e+01
-7.8 7.000000e+01
-7.7 7.000000e+01
-7.6 7.000000e+01
-7.5 7.000000e+01
-7.4 7.000000e+01
-7.3 7.000000e+01
-7.2 7.000000e+01
-7.1 7.000000e+01
-7.0 7.000000e+01
-6.9 7.000000e+01
-6.8 7.000000e+01
-6.7 7.000000e+01
-6.6 7.000000e+01
-6.5 7.000000e+01
-6.4 7.000000e+01
-6.3 7.000000e+01
-6.2 7.000000e+01
-6.1 7.000000e+01
-6.0 7.000000e+01
-5.9 7.000000e+01
-5.8 7.000000e+01
-5.7 7.000000e+01
-5.6 7.000000e+01
-5.5 7.000000e+01
-5.4 7.000000e+01
-5.3 7.000000e+01
-5.2 7.000000e+01
-5.1 7.000000e+01
-5.0 7.000000e+01
-4.9 7.000000e+01
-4.8 7.000000e+01
-4.7 7.000000e+01
-4.6 7.000000e+01
-4.5 7.000000e+01
-4.4 7.000000e+01
-4.3 7.000000e+01
-4.2 7.000000e+01
-4.1 7.000000e+01
-4.0 7.000000e+01
-3.9 7.000000e+01
-3.8 7.000000e+01
-3.7 7.000000e+01
-3.6 7.000000e+01
-3.5 7.000000e+01
-3.4 7.000000e+01
-3.3 7.000000e+01
-3.2 7.000000e+01
-3.1 7.000000e+01
-3.0 7.000000e+01
-2.9 7.000000e+01
-2.8 7.000000e+01
-2.7 7.000000e+01
-2.6 7.000000e+01
-2.5 7.000000e+01
-2.4 7.000000e+01
-2.3 7.000000e+01
-2.2 7.000000e+01
-2.1 7.000000e+01
-2.0 7.000000e+01
-1.9 7.000000e+01
-1.8 7.000000e+01
-1.7 7.000000e+01
-1.6 7.000000e+01
-1.5 7.000000e+01
-1.4 7.000000e+01
-1.3 7.000000e+01
-1.2 7.000000e+01
-1.1 7.000000e+01
-1.0 7.000000e+01
-0.9 7.000000e+01
-0.8 7.000000e+01
-0.7 7.000000e+01
-0.6 7.000000e+01
-0.5 7.000000e+01
-0.4 7.000000e+01
-0.3 7.000000e+01
-0.2 7.000000e+01
-0.1 6.920000e+01
0.0 6.780000e+01
0.1 6.660000e+01
0.2 6.520000e+01
0.3 6.340000e+01
0.4 6.180000e+01
0.5 6.020000e+01
0.6 5.840000e+01
0.7 5.700000e+01
0.8 5.540000e+01
0.9 5.360000e+01
1.0 5.140000e+01
1.1 5.020000e+01
1.2 4.920000e+01
1.3 4.820000e+01
1.4 4.700000e+01
1.5 4.580000e+01
1.6 4.460000e+01
1.7 4.340000e+01
1.8 4.220000e+01
1.9 4.120000e+01
2.0 4.000000e+01
2.1 3.860000e+01
2.2 3.740000e+01
2.3 3.680000e+01
2.4 3.620000e+01
2.5 3.560000e+01
2.6 3.480000e+01
2.7 3.400000e+01
2.8 3.320000e+01
2.9 3.240000e+01
3.0 3.180000e+01
3.1 3.100000e+01
3.2 3.040000e+01
3.3 2.980000e+01
3.4 2.800000e+01
3.5 2.780000e+01
3.6 2.740000e+01
3.7 2.700000e+01
3.8 2.680000e+01
3.9 2.640000e+01
4.0 2.600000e+01
4.1 2.540000e+01
4.2 2.500000e+01
4.3 2.460000e+01
4.4 2.420000e+01
4.5 2.360000e+01
4.6 2.320000e+01
4.7 2.300000e+01
4.8 2.260000e+01
4.9 2.220000e+01
5.0 2.080000e+01
5.1 2.060000e+01
5.2 2.040000e+01
5.3 2.020000e+01
5.4 2.020000e+01
5.5 2.000000e+01
5.6 1.980000e+01
5.7 1.960000e+01
5.8 1.940000e+01
5.9 1.900000e+01
6.0 1.880000e+01
6.1 1.860000e+01
6.2 1.820000e+01
6.3 1.800000e+01
6.4 1.780000e+01
6.5 1.760000e+01
6.6 1.720000e+01
6.7 1.700000e+01
6.8 1.680000e+01
6.9 1.660000e+01
7.0 1.560000e+01
7.1 1.540000e+01
7.2 1.540000e+01
7.3 1.520000e+01
7.4 1.520000e+01
7.5 1.500000e+01
7.6 1.500000e+01
7.7 1.480000e+01
7.8 1.480000e+01
7.9 1.460000e+01
8.0 1.460000e+01
8.1 1.440000e+01
8.2 1.440000e+01
8.3 1.420000e+01
8.4 1.400000e+01
8.5 1.380000e+01
8.6 1.380000e+01
8.7 1.360000e+01
8.8 1.340000e+01
8.9 1.320000e+01
9.0 1.320000e+01
