-0.0459928
-0.062602
-0.0464411
-0.0474744
-0.101681
-0.0663573
-0.071967
-0.0528623
-0.0699135
-0.0501502
-0.0584931
-0.0735164
-0.0664282
-0.0541768
-0.0603292
-0.0526761
-0.0695545
-0.0772722
-0.0615637
-0.0475546
-0.0601467
-0.0466138
-0.0457778
-0.0496352
-0.0458964
-0.0788885
-0.0504688
-0.0479071
-0.0620772
-0.0363591
-0.0450071
-0.0774266
-0.0502335
-0.0642847
-0.0855331
-0.0476807
-0.086455
-0.0450743
-0.0561944
-0.0458723
-0.0465497
-0.101612
-0.0538566
-0.0673936
-0.0452748
-0.0629832
-0.0839742
-0.0613681
-0.08803
-0.045151
-0.0462326
-0.0443848
-0.050918
0
-0.0852217
-0.0516616
-0.0491216
-0.0425279
-0.0760547
-0.0463568
-0.066654
-0.0495566
-0.0793986
-0.0946797
-0.045047
-0.0522245
-0.0540385
-0.0538187
-0.0459974
-0.0458532
-0.0428051
-0.0439241
-0.0481825
-0.0399387
-0.0564947
-0.148156
-0.0430883
-0.0574831
-0.0511665
-0.0760716
-0.062047
-0.0877403
0
-0.0963024
-0.0739059
-0.0544218
-0.0437548
-0.0795861
-0.0482493
-0.0448108
-0.0431796
-0.0439221
-0.0495755
-0.0479678
-0.0526815
-0.0406705
-0.077189
-0.057997
-0.0483059
-0.064472
-0.0712849
-0.0399934
-0.0643311
-0.120482
-0.0498486
-0.0631538
-0.0445539
-0.0443795
-0.0497278
-0.0454279
-0.0434869
-0.0448309
-0.0510611
-0.0444483
-0.0436313
-0.0457267
-0.0440102
-0.0468412
-0.0453689
-0.079144
-0.0475678
-0.0998164
-0.0489516
-0.0560248
-0.0438015
-0.0434957
-0.0471408
-0.0526492
-0.0436951
-0.0453876
-0.0452934
-0.0567156
-0.0612181
-0.0486808
-0.0532089
-0.105901
-0.0483892
-0.0467415
-0.0787103
-0.0588713
-0.0477665
-0.123161
-0.0684089
-0.0459822
-0.0450363
-0.0448988
-0.0649949
-0.0466211
-0.0459669
-0.0370694
-0.0440297
-0.0592119
-0.0632454
-0.0715112
-0.0447702
-0.0910965
-0.117618
-0.0431572
-0.0516554
-0.0650388
-0.0443291
-0.0845979
-0.067047
-0.0536107
-0.0471984
-0.0447784
-0.0760204
-0.0708079
-0.0452475
-0.0451136
-0.0504535
-0.0549291
-0.0559495
-0.0612708
-0.0370412
-0.0552586
-0.131704
-0.0315825
-0.0694155
-0.0639473
-0.0897856
-0.104194
-0.0654071
-0.0602848
-0.0597144
-0.0491886
-0.0708419
-0.0657689
-0.0510844
-0.0477501
-0.109867
-0.04509
-0.0651119
-0.0494219
-0.0513381
-0.0447416
-0.0504895
-0.0483455
-0.0508377
-0.0552852
-0.0540422
-0.0245832
-0.0451709
-0.0472063
-0.047572
-0.0553888
-0.0455233
-0.0483481
-0.0513155
-0.0448988
-0.0957524
-0.0806702
-0.0464393
-0.0456776
-0.0517847
-0.0474932
-0.0472104
-0.0437707
-0.0525311
-0.0694839
-0.0508055
-0.0317545
-0.0546149
-0.0456176
-0.044617
-0.0768312
-0.0240718
-0.0454789
-0.0567349
-0.0515317
-0.0929787
-0.11357
-0.0515213
-0.056272
-0.0658159
-0.033162
-0.0605137
-0.0445669
-0.0638843
-0.0467964
-0.090575
-0.118963
-0.0635406
-0.0693368
-0.0465747
-0.0646184
-0.0507694
-0.0642891
-0.045086
-0.0607065
-0.102914
-0.099225
-0.0536658
-0.0830318
-0.053984
-0.0514642
-0.0458402
-0.0418626
-0.0773029
-0.0464719
-0.0957571
-0.0468153
-0.0606067
-0.0474149
-0.0510632
-0.0466336
-0.0455805
-0.0439904
-0.0523682
-0.0661611
-0.0506699
-0.0449836
-0.0466831
-0.0714584
-0.0462341
-0.0477719
-0.0448579
-0.0541691
-0.0467311
-0.0468888
-0.0434013
-0.0437836
-0.0533271
-0.0360502
-0.0635896
-0.0534671
-0.0529833
-0.0756265
-0.0569578
-0.061616
-0.0731785
-0.0820489
-0.0477172
-0.0487645
-0.0822353
-0.0420303
-0.0606965
-0.0825076
-0.0872299
-0.0418206
-0.0439803
-0.046725
-0.0385369
-0.0639402
-0.0483147
-0.0540806
-0.0643833
-0.0596244
-0.0464756
-0.129557
-0.0537911
-0.0130778
-0.0518468
-0.0685304
-0.0434242
-0.0554318
-0.111447
-0.0706605
-0.0439493
-0.0460032
-0.0496379
-0.0460644
-0.0587427
-0.0452651
-0.0428967
-0.0481541
-0.0640364
-0.0535986
-0.047508
-0.0861512
-0.0501587
-0.048503
-0.0659089
-0.0436263
-0.073497
-0.0612612
-0.0823678
-0.0484492
-0.0439309
-0.0451659
-0.0491459
-0.0488002
-0.0456426
-0.0943082
-0.0993036
-0.0742916
-0.062227
-0.000136735
-0.12118
-0.0676785
-0.0614896
-0.056045
-0.0473255
-0.0865911
-0.0709795
-0.0778799
-0.0437456
-0.0438256
-0.0455963
-0.0447937
-0.0505344
-0.0438536
-0.072011
-0.0994932
-0.05177
-0.0450602
-0.127711
-0.0566646
-0.0510723
-0.0520884
-0.0713683
-0.0486933
-0.0753021
-0.0781644
-0.0658158
-0.0527829
-0.0581793
-0.0430954
-0.0703406
-0.07629
