-0.146868
-0.157842
-0.128499
-0.165232
-0.187026
-0.169817
-0.172645
-0.196806
-0.15457
-0.17715
-0.143007
-0.170737
-0.16558
-0.176206
-0.191391
-0.201387
-0.181613
-0.184668
-0.146978
-0.216642
-0.228093
-0.196418
-0.206203
-0.209826
-0.189964
-0.231817
-0.209366
-0.21159
-0.190782
-0.10778
-0.210161
-0.2165
-0.202833
-0.184723
-0.208555
-0.21759
-0.237423
-0.208271
-0.215742
-0.209527
-0.147359
-0.239152
-0.206518
-0.223416
-0.205144
-0.223098
-0.186563
-0.226128
-0.213101
-0.220284
-0.144665
-0.215506
-0.216038
-0.228924
-0.240038
-0.215079
-0.216204
-0.119309
-0.215126
-0.208921
-0.19224
-0.198146
-0.151215
-0.191315
-0.206704
-0.22355
-0.223079
-0.201099
-0.204843
-0.217441
-0.208384
-0.212405
-0.146238
-0.115201
-0.214815
-0.21353
-0.153729
-0.212632
-0.215684
-0.152032
-0.217297
-0.170049
-0.240525
-0.165757
-0.222126
-0.21843
-0.212789
-0.205926
-0.194396
-0.207119
-0.211398
-0.213612
-0.154114
-0.147021
-0.16104
-0.118127
-0.168537
-0.167902
-0.204157
-0.142818
-0.206675
-0.124725
-0.167468
-0.192407
-0.197266
-0.218222
-0.206107
-0.189415
-0.177804
-0.203349
-0.210499
-0.21438
-0.174004
-0.21297
-0.215758
-0.21162
-0.210807
-0.210463
-0.212595
-0.175371
-0.208484
-0.231626
-0.200537
-0.169336
-0.211418
-0.213443
-0.216587
-0.205333
-0.21288
-0.211632
-0.213626
-0.184214
-0.193636
-0.201059
-0.217485
-0.166713
-0.18217
-0.202028
-0.141215
-0.210238
-0.131693
-0.240891
-0.159106
-0.209757
-0.208709
-0.211517
-0.206398
-0.209957
-0.208656
-0.106839
-0.215429
-0.172493
-0.17562
-0.206147
-0.209602
-0.167314
-0.193496
-0.216268
-0.115053
-0.215652
-0.20057
-0.185891
-0.144951
-0.205143
-0.208626
-0.213597
-0.207609
-0.209523
-0.206364
-0.204191
-0.213493
-0.158936
-0.156237
-0.166628
-0.189393
-0.128473
-0.205938
-0.100343
-0.130815
-0.199775
-0.171586
-0.179215
-0.138171
-0.201021
-0.211246
-0.206896
-0.189186
-0.187251
-0.204815
-0.2162
-0.237399
-0.214437
-0.227972
-0.214445
-0.208538
-0.210772
-0.196073
-0.203371
-0.217231
-0.189613
-0.203495
-0.0491217
-0.214326
-0.216084
-0.215394
-0.216549
-0.216226
-0.213865
-0.217066
-0.214591
-0.22103
-0.226466
-0.19904
-0.211505
-0.176605
-0.19405
-0.213827
-0.216685
-0.110198
-0.224508
-0.224795
-0.0814302
-0.220633
-0.206629
-0.211712
-0.224065
-0.22596
-0.208816
-0.230358
-0.221978
-0.231348
-0.253533
-0.211433
-0.222465
-0.208176
-0.234549
-0.225462
-0.21635
-0.152231
-0.143335
-0.241914
-0.241648
-0.139113
-0.166818
-0.207843
-0.202397
-0.215209
-0.214122
-0.212697
-0.197472
-0.221888
-0.243291
-0.202332
-0.250103
-0.206966
-0.147054
-0.210437
-0.177177
-0.190294
-0.214465
-0.230957
-0.211887
-0.221574
-0.212561
-0.208764
-0.203974
-0.212964
-0.215177
-0.181424
-0.203531
-0.215174
-0.213461
-0.216832
-0.161536
-0.212714
-0.214273
-0.211509
-0.214269
-0.213744
-0.210475
-0.214558
-0.211627
-0.180011
-0.151305
-0.232731
-0.219384
-0.147396
-0.164906
-0.166773
-0.19927
-0.16342
-0.184736
-0.177488
-0.192806
-0.161614
-0.170315
-0.158994
-0.207405
-0.161502
-0.161278
-0.208272
-0.157821
-0.131961
-0.218699
-0.197475
-0.150459
-0.151773
-0.159958
-0.163409
-0.214142
-0.157784
-0.188447
-0.181551
-0.155416
-0.165894
-0.160852
-0.206112
-0.171814
-0.15688
-0.15119
-0.158684
-0.142941
-0.163002
-0.211943
-0.128861
-0.183602
-0.228205
-0.213989
-0.165133
-0.233312
-0.215118
-0.215986
-0.171584
-0.216302
-0.204683
-0.207068
-0.180482
-0.217073
-0.212181
-0.212649
-0.220856
-0.21165
-0.211489
-0.17302
-0.178455
-0.214485
-0.220888
-0.216672
-0.243492
-0.218876
-0.219742
-0.144919
-0.197747
-0.199545
-0.210666
-0.163211
-0.20793
-0.211496
-0.212401
-0.160671
-0.210678
-0.217145
-0.180757
-0.204065
-0.143392
-0.170078
-0.224599
-0.157938
-0.169643
-0.189
-0.155637
-0.178016
-0.16234
-0.183878
-0.164319
-0.177707
-0.196279
-0.206991
-0.183975
-0.180801
