-0.0723807
-0.0869628
-0.0706314
-0.0753031
-0.127354
-0.0932742
-0.105803
-0.10414
-0.0950388
-0.0804794
-0.0847954
-0.104469
-0.100383
-0.0841264
-0.0928967
-0.0871641
-0.098497
-0.104716
-0.0894124
-0.084578
-0.0979865
-0.0820003
-0.0820303
-0.0858466
-0.0794395
-0.116733
-0.0867877
-0.0851299
-0.097104
-0.0583313
-0.0808815
-0.115771
-0.0869654
-0.100525
-0.117598
-0.0851638
-0.123047
-0.081004
-0.0921199
-0.0818982
-0.072975
-0.136816
-0.0885768
-0.103061
-0.0812004
-0.0903287
-0.111479
-0.0992495
-0.120621
-0.0820775
-0.0740431
-0.080988
-0.0873558
-0.136274
-0.124874
-0.0887492
-0.0858007
-0.0650784
-0.110136
-0.0828339
-0.100523
-0.0852389
-0.103864
-0.124299
-0.0809395
-0.0892948
-0.0910674
-0.0883586
-0.0821603
-0.0830715
-0.078034
-0.0799412
-0.0756303
-0.062447
-0.0925675
-0.168457
-0.0664356
-0.0936457
-0.0878183
-0.0994788
-0.101781
-0.11191
-0.143411
-0.119677
-0.108955
-0.0910191
-0.0796966
-0.112348
-0.0840168
-0.080703
-0.0788008
-0.0797648
-0.0781701
-0.0747221
-0.081684
-0.0652156
-0.102806
-0.0881511
-0.084436
-0.0881164
-0.104879
-0.0635729
-0.0945298
-0.145697
-0.0889552
-0.0994624
-0.0800143
-0.0980374
-0.081386
-0.0809168
-0.0790638
-0.0808602
-0.0829148
-0.08096
-0.0799456
-0.0818196
-0.0801501
-0.082571
-0.0813001
-0.110094
-0.0835224
-0.143082
-0.0850114
-0.111666
-0.0796827
-0.0794016
-0.0835178
-0.0877655
-0.0797323
-0.0813724
-0.0819118
-0.089996
-0.0941449
-0.0854574
-0.0948417
-0.131079
-0.083031
-0.0832646
-0.0990055
-0.0945753
-0.07369
-0.157987
-0.0777895
-0.081878
-0.0810584
-0.0811781
-0.0990516
-0.079971
-0.0824882
-0.0610395
-0.0803428
-0.0918094
-0.0955227
-0.109446
-0.0806039
-0.116518
-0.141977
-0.079327
-0.0733886
-0.103824
-0.114043
-0.113726
-0.0981172
-0.0893512
-0.0836914
-0.0817667
-0.110686
-0.105915
-0.0809257
-0.0799215
-0.0712443
-0.083535
-0.0832686
-0.0901052
-0.0899716
-0.0779466
-0.153749
-0.0509551
-0.0899134
-0.0996538
-0.112229
-0.125627
-0.0884018
-0.098471
-0.0971153
-0.085996
-0.10202
-0.0969456
-0.0885523
-0.0839625
-0.142212
-0.0818556
-0.101375
-0.0857148
-0.0902357
-0.0808927
-0.0853937
-0.0842725
-0.087131
-0.090156
-0.0905371
-0.0369737
-0.0813829
-0.0834081
-0.0837481
-0.0911252
-0.0819321
-0.0845168
-0.0887646
-0.0811272
-0.129368
-0.119972
-0.0816621
-0.0816226
-0.0877647
-0.0828049
-0.0837594
-0.0800486
-0.0736011
-0.107198
-0.0884753
-0.0493268
-0.0957632
-0.0814332
-0.0805403
-0.113752
-0.0997753
-0.0813195
-0.0969928
-0.0883269
-0.135675
-0.117777
-0.087904
-0.0930678
-0.138609
-0.144312
-0.0976014
-0.0814135
-0.0941886
-0.0723971
-0.127189
-0.153133
-0.0922154
-0.0953072
-0.0822653
-0.0955789
-0.0873116
-0.102766
-0.0814953
-0.111209
-0.132728
-0.136026
-0.0897807
-0.134589
-0.0915648
-0.0787428
-0.0822869
-0.0726536
-0.106294
-0.082541
-0.129195
-0.0830746
-0.0965579
-0.0832517
-0.0883515
-0.0826172
-0.0817046
-0.0802047
-0.0864666
-0.0978339
-0.086757
-0.0811341
-0.0832776
-0.10105
-0.0822453
-0.0837975
-0.0808034
-0.0897879
-0.0828483
-0.0826843
-0.0794434
-0.0795638
-0.0854436
-0.0623235
-0.105258
-0.0912055
-0.080118
-0.100805
-0.0854326
-0.0951962
-0.101181
-0.113474
-0.0784897
-0.0822577
-0.105263
-0.0721756
-0.0901327
-0.120993
-0.110105
-0.0709394
-0.079405
-0.076121
-0.0638829
-0.102157
-0.0843005
-0.0817016
-0.0894072
-0.0896628
-0.0766529
-0.154514
-0.082295
-0.0992586
-0.0848164
-0.0946586
-0.0736926
-0.0841164
-0.142005
-0.104456
-0.0735055
-0.0758431
-0.0789319
-0.0727404
-0.0880445
-0.0817581
-0.0660758
-0.0809176
-0.101513
-0.0894069
-0.0768489
-0.123038
-0.0772529
-0.0820754
-0.0941356
-0.0800221
-0.107277
-0.0963606
-0.112956
-0.0847325
-0.0798275
-0.081201
-0.088806
-0.0855664
-0.0822324
-0.117829
-0.124121
-0.107469
-0.0988156
-0.0859292
-0.15329
-0.103194
-0.097684
-0.0832373
-0.0832029
-0.116565
-0.103953
-0.109185
-0.0792846
-0.0795727
-0.0815875
-0.0740084
-0.0874018
-0.0804873
-0.0997865
-0.125026
-0.0781093
-0.0752214
-0.158198
-0.0835535
-0.0781642
-0.0857181
-0.0962676
-0.0791675
-0.10057
-0.107892
-0.097688
-0.082978
-0.0920482
-0.0781763
-0.0994421
-0.102865
