-0.146091
-0.157257
-0.128499
-0.161431
-0.187026
-0.167
-0.172616
-0.193743
-0.154536
-0.170506
-0.143007
-0.170702
-0.165251
-0.170474
-0.184771
-0.192887
-0.177568
-0.181253
-0.146978
-0.205988
-0.217958
-0.18778
-0.196512
-0.200054
-0.181373
-0.223167
-0.199928
-0.201654
-0.185107
-0.10778
-0.199653
-0.209882
-0.192027
-0.181843
-0.202888
-0.207008
-0.228888
-0.198064
-0.206288
-0.199251
-0.146014
-0.231883
-0.197452
-0.214371
-0.195416
-0.213533
-0.185621
-0.216344
-0.207766
-0.209093
-0.144563
-0.204499
-0.205636
-0.228235
-0.231446
-0.205217
-0.205769
-0.119309
-0.207281
-0.198945
-0.187247
-0.183703
-0.151215
-0.190836
-0.19674
-0.212666
-0.212452
-0.192757
-0.195505
-0.206715
-0.197517
-0.201472
-0.142615
-0.115201
-0.205049
-0.21353
-0.149112
-0.20373
-0.205588
-0.152032
-0.208821
-0.169191
-0.236222
-0.165757
-0.213597
-0.208149
-0.201726
-0.199782
-0.186073
-0.196847
-0.200322
-0.202334
-0.151355
-0.144069
-0.157839
-0.118127
-0.166543
-0.16426
-0.194969
-0.142818
-0.199421
-0.123928
-0.165642
-0.192407
-0.189665
-0.208932
-0.195819
-0.183895
-0.171387
-0.193326
-0.199553
-0.203371
-0.169096
-0.202381
-0.2045
-0.20105
-0.200271
-0.200114
-0.201835
-0.175371
-0.198606
-0.227146
-0.192026
-0.169258
-0.20045
-0.202262
-0.205656
-0.196352
-0.201741
-0.200995
-0.203136
-0.178291
-0.18589
-0.192648
-0.209028
-0.166713
-0.176402
-0.193389
-0.141215
-0.20091
-0.131658
-0.23807
-0.158105
-0.200105
-0.198526
-0.200864
-0.197844
-0.200666
-0.198644
-0.106839
-0.204141
-0.170607
-0.173324
-0.200872
-0.199
-0.167314
-0.193495
-0.204793
-0.115053
-0.207666
-0.196271
-0.184377
-0.144951
-0.196759
-0.198805
-0.203027
-0.201404
-0.202391
-0.196079
-0.19458
-0.204609
-0.156313
-0.153425
-0.163877
-0.184479
-0.128473
-0.205821
-0.100343
-0.130815
-0.192941
-0.171586
-0.179215
-0.138171
-0.194447
-0.203302
-0.198123
-0.184191
-0.181766
-0.196698
-0.20539
-0.231021
-0.203759
-0.217908
-0.204038
-0.201268
-0.200237
-0.188212
-0.194509
-0.206621
-0.182916
-0.195358
-0.0491217
-0.203373
-0.20472
-0.20446
-0.206547
-0.205155
-0.20337
-0.207047
-0.203509
-0.215564
-0.218685
-0.190267
-0.200843
-0.173739
-0.185987
-0.203262
-0.205264
-0.110198
-0.215805
-0.213504
-0.0814302
-0.213018
-0.196726
-0.200912
-0.215979
-0.2168
-0.198359
-0.219999
-0.211142
-0.225668
-0.247161
-0.202312
-0.212257
-0.207628
-0.229697
-0.215609
-0.205435
-0.152231
-0.141298
-0.233858
-0.237913
-0.139113
-0.165285
-0.198039
-0.194426
-0.20512
-0.206073
-0.202073
-0.193268
-0.215856
-0.23586
-0.194247
-0.242291
-0.198417
-0.146576
-0.200116
-0.169308
-0.185291
-0.203574
-0.223613
-0.20166
-0.211735
-0.20197
-0.200463
-0.194691
-0.202197
-0.20396
-0.176283
-0.195405
-0.204808
-0.202567
-0.205805
-0.161319
-0.20211
-0.203594
-0.200799
-0.204423
-0.203138
-0.200015
-0.203239
-0.200634
-0.173918
-0.144903
-0.223355
-0.209364
-0.147048
-0.164906
-0.162349
-0.191749
-0.16342
-0.183083
-0.170707
-0.184328
-0.161614
-0.163305
-0.15803
-0.203173
-0.161502
-0.155863
-0.197604
-0.155724
-0.131677
-0.210348
-0.189321
-0.149946
-0.151729
-0.159477
-0.15885
-0.214
-0.15607
-0.184922
-0.175472
-0.155318
-0.160587
-0.15807
-0.204729
-0.171033
-0.153874
-0.149756
-0.15684
-0.142348
-0.161969
-0.201425
-0.128097
-0.176095
-0.218145
-0.20403
-0.159385
-0.225104
-0.205028
-0.2055
-0.170491
-0.20497
-0.19885
-0.198453
-0.179945
-0.206244
-0.201241
-0.201822
-0.210734
-0.201797
-0.201103
-0.17302
-0.178455
-0.206725
-0.211519
-0.213383
-0.237536
-0.210377
-0.21044
-0.144919
-0.189067
-0.194804
-0.203368
-0.163211
-0.197331
-0.200551
-0.201624
-0.155766
-0.201227
-0.20584
-0.177737
-0.200611
-0.14335
-0.163729
-0.224078
-0.156034
-0.16441
-0.181577
-0.155595
-0.170875
-0.162058
-0.181953
-0.163557
-0.171211
-0.188614
-0.196261
-0.179232
-0.176563
