-0.140679
-0.152156
-0.127357
-0.154677
-0.184792
-0.161423
-0.169809
-0.186993
-0.151683
-0.162009
-0.140686
-0.167554
-0.161454
-0.162502
-0.176252
-0.18259
-0.170649
-0.174533
-0.146978
-0.19341
-0.205876
-0.177428
-0.184966
-0.18844
-0.171098
-0.212853
-0.188608
-0.189807
-0.176229
-0.10756
-0.187229
-0.20151
-0.183483
-0.176183
-0.194964
-0.194455
-0.218414
-0.185977
-0.194961
-0.187096
-0.140471
-0.222741
-0.186568
-0.203342
-0.18386
-0.201962
-0.180394
-0.204656
-0.20006
-0.195865
-0.141191
-0.191512
-0.193336
-0.224736
-0.221174
-0.193388
-0.193354
-0.117215
-0.19761
-0.187075
-0.179959
-0.179026
-0.149272
-0.18753
-0.184895
-0.199799
-0.199869
-0.182645
-0.184287
-0.194009
-0.184769
-0.188611
-0.139622
-0.115201
-0.193474
-0.21353
-0.14215
-0.192918
-0.193518
-0.150161
-0.198625
-0.165744
-0.229453
-0.165256
-0.203371
-0.196006
-0.188734
-0.191677
-0.176079
-0.184735
-0.187329
-0.189136
-0.146129
-0.139264
-0.151561
-0.117578
-0.161872
-0.157928
-0.183974
-0.140771
-0.190467
-0.120123
-0.160245
-0.191337
-0.180376
-0.197895
-0.183669
-0.176379
-0.163102
-0.18149
-0.186704
-0.190409
-0.161408
-0.189816
-0.191265
-0.188587
-0.187833
-0.187861
-0.189141
-0.172043
-0.186882
-0.220454
-0.181745
-0.166806
-0.187569
-0.189139
-0.192774
-0.185585
-0.188672
-0.188457
-0.19062
-0.169975
-0.176379
-0.182486
-0.198697
-0.166713
-0.168263
-0.182936
-0.141176
-0.189908
-0.129147
-0.232605
-0.153571
-0.188533
-0.186465
-0.188278
-0.18775
-0.189452
-0.186791
-0.106839
-0.190944
-0.164576
-0.167282
-0.192385
-0.186513
-0.166586
-0.191686
-0.191346
-0.114774
-0.198038
-0.190041
-0.178693
-0.144456
-0.186752
-0.18713
-0.190491
-0.19313
-0.19221
-0.183957
-0.182996
-0.193782
-0.150885
-0.148154
-0.157867
-0.17718
-0.127714
-0.202996
-0.100003
-0.130693
-0.184268
-0.168148
-0.177021
-0.137182
-0.18597
-0.193633
-0.187495
-0.176859
-0.174067
-0.186772
-0.192633
-0.22278
-0.191113
-0.205963
-0.191758
-0.191775
-0.187812
-0.178633
-0.183815
-0.194112
-0.17463
-0.185521
-0.0491217
-0.190482
-0.19221
-0.191715
-0.194698
-0.19214
-0.190983
-0.195107
-0.190516
-0.207923
-0.210071
-0.179652
-0.188272
-0.167751
-0.176218
-0.190782
-0.191867
-0.110198
-0.205327
-0.200228
-0.0814302
-0.201783
-0.184942
-0.1882
-0.206391
-0.205906
-0.18603
-0.207676
-0.198339
-0.216096
-0.239155
-0.191149
-0.200103
-0.20418
-0.222824
-0.203786
-0.19252
-0.15
-0.135805
-0.224232
-0.232297
-0.139113
-0.159969
-0.186071
-0.184238
-0.193021
-0.196315
-0.189487
-0.186444
-0.208053
-0.227073
-0.18414
-0.232643
-0.188134
-0.141983
-0.187881
-0.159799
-0.178202
-0.190766
-0.214767
-0.1895
-0.200004
-0.18948
-0.190249
-0.183548
-0.189506
-0.190781
-0.168666
-0.179068
-0.192546
-0.189728
-0.192834
-0.158444
-0.189579
-0.191043
-0.188165
-0.192716
-0.190595
-0.187673
-0.189977
-0.187725
-0.165878
-0.136836
-0.212021
-0.197468
-0.142912
-0.161781
-0.155629
-0.18253
-0.161026
-0.177951
-0.162009
-0.174091
-0.159355
-0.154571
-0.153359
-0.196516
-0.160525
-0.147982
-0.185065
-0.149254
-0.127554
-0.200164
-0.179385
-0.145648
-0.148471
-0.155255
-0.151794
-0.210696
-0.150567
-0.178807
-0.167094
-0.152383
-0.152683
-0.152137
-0.20117
-0.16737
-0.147294
-0.145179
-0.150803
-0.137815
-0.157445
-0.189009
-0.124005
-0.166899
-0.205944
-0.192241
-0.151581
-0.214929
-0.192802
-0.190009
-0.165212
-0.191664
-0.190596
-0.188308
-0.17678
-0.193469
-0.188371
-0.189078
-0.198681
-0.190054
-0.188829
-0.171058
-0.176953
-0.197269
-0.20033
-0.207352
-0.229779
-0.200042
-0.199241
-0.14223
-0.178671
-0.188007
-0.194146
-0.161338
-0.184856
-0.187685
-0.188933
-0.148341
-0.189893
-0.19254
-0.171148
-0.194016
-0.139774
-0.155468
-0.219501
-0.150287
-0.15699
-0.172377
-0.152664
-0.16205
-0.158345
-0.17619
-0.159749
-0.162841
-0.179364
-0.18367
-0.172084
-0.169996
