-0.132634
-0.14447
-0.121476
-0.145343
-0.178569
-0.153622
-0.16351
-0.177684
-0.145753
-0.151635
-0.134997
-0.161052
-0.156593
-0.152678
-0.165835
-0.170126
-0.161835
-0.165973
-0.143635
-0.178532
-0.191461
-0.165005
-0.171203
-0.174632
-0.158832
-0.200607
-0.17502
-0.175659
-0.16693
-0.104003
-0.172553
-0.191177
-0.171131
-0.167579
-0.18522
-0.179551
-0.20559
-0.171649
-0.181373
-0.172696
-0.132431
-0.211524
-0.173512
-0.18887
-0.170089
-0.188243
-0.17242
-0.190695
-0.190288
-0.180223
-0.133977
-0.176189
-0.178802
-0.218762
-0.209106
-0.179204
-0.178569
-0.111256
-0.186368
-0.172952
-0.170554
-0.167115
-0.145504
-0.181263
-0.170789
-0.184577
-0.184968
-0.170405
-0.170792
-0.17896
-0.169812
-0.173475
-0.132618
-0.110073
-0.179756
-0.211042
-0.133248
-0.179775
-0.179077
-0.14535
-0.186352
-0.15999
-0.219981
-0.161816
-0.191128
-0.181628
-0.173477
-0.181779
-0.164099
-0.170441
-0.172101
-0.173782
-0.138252
-0.131369
-0.143083
-0.113308
-0.154981
-0.149567
-0.170825
-0.135598
-0.179427
-0.112845
-0.152586
-0.187535
-0.169063
-0.18478
-0.169294
-0.167018
-0.152853
-0.167505
-0.171622
-0.175148
-0.151687
-0.174908
-0.175704
-0.173865
-0.173092
-0.173357
-0.174168
-0.164685
-0.172936
-0.211947
-0.16932
-0.162145
-0.172439
-0.17374
-0.177598
-0.172678
-0.173332
-0.173677
-0.175724
-0.15961
-0.165058
-0.170195
-0.185986
-0.166627
-0.158185
-0.170222
-0.138189
-0.177036
-0.123698
-0.224511
-0.14885
-0.174632
-0.172123
-0.173432
-0.175647
-0.175894
-0.172705
-0.105602
-0.175458
-0.156084
-0.158844
-0.182886
-0.171799
-0.162303
-0.187304
-0.175583
-0.112097
-0.186406
-0.181832
-0.171019
-0.139571
-0.174626
-0.173227
-0.175606
-0.183017
-0.182697
-0.169642
-0.169026
-0.180633
-0.143026
-0.140529
-0.149688
-0.167748
-0.123473
-0.197966
-0.0945708
-0.128013
-0.173779
-0.161607
-0.171302
-0.135571
-0.175529
-0.181809
-0.174633
-0.167583
-0.163825
-0.174639
-0.177586
-0.212708
-0.176135
-0.191758
-0.177211
-0.179875
-0.17311
-0.166923
-0.170879
-0.179349
-0.164467
-0.173598
-0.0491217
-0.175308
-0.177064
-0.17673
-0.180639
-0.176804
-0.176347
-0.180864
-0.175235
-0.198414
-0.199267
-0.166804
-0.173452
-0.15892
-0.164339
-0.176033
-0.176142
-0.108583
-0.19271
-0.184616
-0.0814302
-0.188241
-0.170903
-0.173217
-0.194749
-0.192715
-0.171493
-0.192969
-0.183207
-0.208576
-0.229557
-0.177404
-0.185604
-0.197802
-0.214169
-0.189602
-0.17723
-0.145364
-0.128163
-0.212502
-0.22394
-0.138849
-0.152225
-0.166183
-0.171716
-0.178458
-0.184563
-0.174566
-0.178136
-0.198495
-0.216324
-0.17184
-0.220678
-0.175758
-0.134467
-0.173115
-0.148345
-0.169408
-0.175683
-0.203993
-0.175027
-0.186019
-0.174733
-0.177672
-0.17017
-0.174525
-0.175288
-0.159112
-0.173656
-0.178032
-0.174584
-0.177558
-0.152669
-0.174772
-0.176225
-0.173256
-0.178792
-0.175757
-0.173116
-0.174433
-0.172577
-0.155953
-0.127037
-0.198314
-0.183322
-0.135971
-0.154996
-0.147057
-0.171323
-0.154875
-0.170474
-0.151288
-0.161752
-0.154243
-0.143975
-0.146321
-0.187854
-0.156451
-0.138282
-0.170317
-0.14051
-0.120142
-0.187764
-0.167287
-0.138487
-0.142066
-0.148052
-0.142637
-0.204677
-0.14266
-0.170539
-0.156746
-0.146502
-0.14288
-0.144077
-0.194881
-0.160768
-0.138435
-0.137453
-0.142322
-0.130313
-0.150008
-0.174319
-0.117391
-0.155769
-0.191923
-0.178273
-0.141982
-0.202728
-0.178602
-0.178464
-0.156989
-0.176033
-0.180227
-0.176275
-0.170682
-0.178397
-0.173227
-0.17407
-0.184294
-0.176035
-0.174288
-0.165462
-0.172109
-0.185694
-0.186957
-0.198765
-0.220253
-0.187463
-0.185742
-0.135735
-0.166199
-0.179474
-0.182607
-0.156767
-0.170172
-0.172563
-0.173986
-0.13906
-0.176319
-0.1769
-0.162498
-0.185565
-0.132844
-0.14546
-0.212604
-0.142341
-0.147685
-0.161266
-0.146822
-0.151368
-0.151837
-0.168244
-0.151934
-0.152653
-0.168187
-0.168887
-0.163117
-0.161619
