-0.146868
-0.157842
-0.128499
-0.16586
-0.187026
-0.170031
-0.172645
-0.196837
-0.15457
-0.179566
-0.143007
-0.170737
-0.16558
-0.177453
-0.197324
-0.210071
-0.181975
-0.184706
-0.146978
-0.24142
-0.250042
-0.209341
-0.224068
-0.22906
-0.202626
-0.245878
-0.226675
-0.231386
-0.192376
-0.10778
-0.234336
-0.221998
-0.217339
-0.185123
-0.210992
-0.242898
-0.248045
-0.230847
-0.233045
-0.233293
-0.147359
-0.24546
-0.222615
-0.237635
-0.2247
-0.239738
-0.186563
-0.246027
-0.21743
-0.248065
-0.144665
-0.240392
-0.239161
-0.228924
-0.253604
-0.234673
-0.238782
-0.119309
-0.222568
-0.228275
-0.196486
-0.210862
-0.151215
-0.191315
-0.226527
-0.249588
-0.248487
-0.210476
-0.220417
-0.242189
-0.234018
-0.239431
-0.1463
-0.122142
-0.23583
-0.21353
-0.154958
-0.228727
-0.236933
-0.152032
-0.230006
-0.170049
-0.242219
-0.165757
-0.234952
-0.243932
-0.241165
-0.209024
-0.204139
-0.22975
-0.238943
-0.242405
-0.154386
-0.147785
-0.161374
-0.118127
-0.168554
-0.16848
-0.218691
-0.142818
-0.213958
-0.124725
-0.167468
-0.192407
-0.205447
-0.234802
-0.229377
-0.191686
-0.182671
-0.224812
-0.238015
-0.242042
-0.174997
-0.234717
-0.243032
-0.236939
-0.23478
-0.237108
-0.240511
-0.175371
-0.227268
-0.23376
-0.212405
-0.169336
-0.238051
-0.242161
-0.24386
-0.218978
-0.240394
-0.236798
-0.237239
-0.189231
-0.20563
-0.213212
-0.233557
-0.166713
-0.185584
-0.21374
-0.141215
-0.227195
-0.131693
-0.241243
-0.159106
-0.227133
-0.23124
-0.237039
-0.2183
-0.225011
-0.229825
-0.106839
-0.244727
-0.175107
-0.179008
-0.209375
-0.236746
-0.167314
-0.193496
-0.24573
-0.115053
-0.225116
-0.202397
-0.185891
-0.144951
-0.21567
-0.228373
-0.238271
-0.21123
-0.215329
-0.230366
-0.221589
-0.225436
-0.159438
-0.156953
-0.16746
-0.190702
-0.128473
-0.205938
-0.100343
-0.130815
-0.205078
-0.171877
-0.179215
-0.138171
-0.20547
-0.219654
-0.21985
-0.190684
-0.189457
-0.214365
-0.243498
-0.241646
-0.239314
-0.25169
-0.239814
-0.212811
-0.236914
-0.20653
-0.218274
-0.242832
-0.196471
-0.215628
-0.0491217
-0.241467
-0.244848
-0.243647
-0.237941
-0.2441
-0.239086
-0.23731
-0.243547
-0.223945
-0.240287
-0.214621
-0.239377
-0.177004
-0.204641
-0.240885
-0.245862
-0.110198
-0.241625
-0.25382
-0.0814302
-0.243352
-0.228174
-0.239577
-0.237345
-0.246036
-0.234307
-0.253758
-0.246703
-0.236318
-0.261967
-0.227018
-0.243792
-0.208176
-0.237295
-0.242753
-0.240008
-0.152231
-0.143335
-0.254356
-0.241841
-0.139113
-0.166818
-0.229123
-0.211675
-0.237095
-0.224023
-0.236697
-0.198567
-0.225957
-0.25234
-0.211326
-0.262755
-0.21905
-0.147054
-0.232794
-0.184651
-0.192422
-0.243271
-0.236937
-0.233791
-0.242935
-0.240602
-0.216843
-0.222552
-0.241182
-0.244296
-0.184244
-0.213236
-0.238798
-0.242193
-0.245902
-0.161536
-0.237235
-0.240279
-0.239166
-0.23441
-0.238196
-0.236915
-0.244241
-0.240218
-0.182185
-0.153763
-0.250185
-0.239737
-0.147396
-0.164906
-0.16797
-0.207239
-0.16342
-0.184736
-0.183289
-0.204772
-0.161614
-0.173981
-0.161227
-0.208748
-0.161502
-0.162074
-0.235815
-0.157821
-0.131961
-0.229596
-0.206402
-0.150459
-0.151773
-0.159958
-0.165626
-0.214142
-0.157784
-0.188753
-0.184606
-0.155416
-0.167133
-0.161034
-0.206112
-0.171814
-0.156953
-0.15119
-0.158684
-0.142941
-0.16594
-0.236051
-0.128861
-0.189595
-0.245821
-0.235042
-0.167397
-0.243073
-0.234552
-0.23754
-0.171584
-0.245208
-0.210539
-0.217317
-0.180482
-0.242863
-0.238938
-0.23969
-0.242495
-0.231125
-0.234916
-0.17302
-0.178455
-0.222458
-0.238166
-0.217682
-0.248065
-0.230824
-0.235356
-0.144919
-0.210393
-0.201615
-0.217363
-0.163211
-0.232744
-0.238483
-0.239708
-0.161394
-0.227966
-0.245347
-0.180787
-0.204456
-0.143392
-0.173792
-0.224599
-0.157938
-0.171451
-0.19403
-0.155637
-0.182332
-0.16234
-0.185453
-0.164319
-0.180942
-0.207744
-0.233492
-0.185022
-0.181632
