-0.122355
-0.134674
-0.113107
-0.133123
-0.170213
-0.143765
-0.154703
-0.165833
-0.13753
-0.138985
-0.127069
-0.152202
-0.148719
-0.140609
-0.153058
-0.155017
-0.150911
-0.155322
-0.135549
-0.160896
-0.17423
-0.150035
-0.154763
-0.158186
-0.14417
-0.185832
-0.158675
-0.158738
-0.155295
-0.0969641
-0.155196
-0.178362
-0.156105
-0.157094
-0.173275
-0.16185
-0.190823
-0.154639
-0.164985
-0.155626
-0.122187
-0.194424
-0.157837
-0.174429
-0.153637
-0.172052
-0.162101
-0.173983
-0.178028
-0.16171
-0.124057
-0.158093
-0.161613
-0.209726
-0.194523
-0.162172
-0.161014
-0.104196
-0.169666
-0.156145
-0.158757
-0.152572
-0.139407
-0.171677
-0.153986
-0.166565
-0.167294
-0.155592
-0.154524
-0.161117
-0.152253
-0.155646
-0.123189
-0.102315
-0.163499
-0.204472
-0.122234
-0.163774
-0.161825
-0.138232
-0.171512
-0.152214
-0.208895
-0.155892
-0.176396
-0.164596
-0.155541
-0.169656
-0.149714
-0.153571
-0.154219
-0.155749
-0.128161
-0.122105
-0.132641
-0.105747
-0.146297
-0.139073
-0.155082
-0.128013
-0.166005
-0.105198
-0.142885
-0.181041
-0.155283
-0.169157
-0.152453
-0.155441
-0.140093
-0.151207
-0.153911
-0.157172
-0.139687
-0.157209
-0.15739
-0.156464
-0.155601
-0.156159
-0.156478
-0.14402
-0.156329
-0.201242
-0.154206
-0.154596
-0.154647
-0.155651
-0.159723
-0.157165
-0.155306
-0.156243
-0.157885
-0.146878
-0.145019
-0.155196
-0.170236
-0.163462
-0.145594
-0.154691
-0.132285
-0.16212
-0.115791
-0.214173
-0.140933
-0.157797
-0.155046
-0.156079
-0.161753
-0.159318
-0.155956
-0.100329
-0.157261
-0.145247
-0.148152
-0.171262
-0.154453
-0.155095
-0.180693
-0.157085
-0.10682
-0.172156
-0.171142
-0.161329
-0.135431
-0.159787
-0.156642
-0.15796
-0.170668
-0.169499
-0.152925
-0.152085
-0.164545
-0.132885
-0.130697
-0.137881
-0.155631
-0.115813
-0.190935
-0.0871999
-0.122543
-0.160989
-0.15299
-0.163547
-0.129146
-0.162581
-0.167272
-0.15896
-0.156284
-0.152847
-0.159786
-0.15982
-0.200389
-0.158365
-0.174855
-0.159985
-0.164966
-0.155697
-0.152519
-0.155161
-0.16191
-0.151944
-0.158996
-0.0491217
-0.157428
-0.15923
-0.159056
-0.163938
-0.158738
-0.159049
-0.163834
-0.157241
-0.186635
-0.185913
-0.15123
-0.155954
-0.147523
-0.149869
-0.158592
-0.15768
-0.104222
-0.177423
-0.166276
-0.0814302
-0.17182
-0.154179
-0.155536
-0.180557
-0.17658
-0.154441
-0.175471
-0.165274
-0.19681
-0.217504
-0.160615
-0.168313
-0.188883
-0.203227
-0.172585
-0.159114
-0.138162
-0.118517
-0.198109
-0.213151
-0.134688
-0.142459
-0.154603
-0.156892
-0.161363
-0.170239
-0.156908
-0.167825
-0.18681
-0.20306
-0.15722
-0.205645
-0.160765
-0.124668
-0.156308
-0.134535
-0.158477
-0.157897
-0.190843
-0.157798
-0.169338
-0.157309
-0.162146
-0.154069
-0.156843
-0.157062
-0.146981
-0.15982
-0.160836
-0.156709
-0.159552
-0.144354
-0.157256
-0.158717
-0.15564
-0.162214
-0.158189
-0.155984
-0.156196
-0.15477
-0.143705
-0.115187
-0.181727
-0.166423
-0.126716
-0.146
-0.136519
-0.157697
-0.146357
-0.160924
-0.138117
-0.146738
-0.146709
-0.131099
-0.137184
-0.176946
-0.149777
-0.126416
-0.15296
-0.129541
-0.110599
-0.172657
-0.152615
-0.129084
-0.13345
-0.138587
-0.131347
-0.196521
-0.132573
-0.159967
-0.144174
-0.138183
-0.130798
-0.13398
-0.186456
-0.152597
-0.127367
-0.127361
-0.131627
-0.120628
-0.140111
-0.156899
-0.108657
-0.142309
-0.175755
-0.161676
-0.130312
-0.188278
-0.16177
-0.161134
-0.146315
-0.157653
-0.167288
-0.16171
-0.161726
-0.160604
-0.155396
-0.156384
-0.166987
-0.159257
-0.157027
-0.157696
-0.164547
-0.171535
-0.170875
-0.189971
-0.208554
-0.172113
-0.169438
-0.126709
-0.151168
-0.168775
-0.168016
-0.149511
-0.152876
-0.154776
-0.156386
-0.127676
-0.159988
-0.158484
-0.151638
-0.174991
-0.123693
-0.13326
-0.203645
-0.132299
-0.136264
-0.147907
-0.138601
-0.138405
-0.143403
-0.158213
-0.145031
-0.140243
-0.15466
-0.151518
-0.152062
-0.151317
