-0.146868
-0.157842
-0.128499
-0.16586
-0.187026
-0.170031
-0.172645
-0.196837
-0.15457
-0.179538
-0.143007
-0.170737
-0.16558
-0.177453
-0.195951
-0.208193
-0.181975
-0.184706
-0.146978
-0.225654
-0.236591
-0.20359
-0.21434
-0.218041
-0.197101
-0.238918
-0.217241
-0.219918
-0.192376
-0.10778
-0.219049
-0.220728
-0.210316
-0.185123
-0.210992
-0.226555
-0.244254
-0.216884
-0.223617
-0.218207
-0.147359
-0.244004
-0.214062
-0.230823
-0.213314
-0.230999
-0.186563
-0.234319
-0.216311
-0.229747
-0.144665
-0.224826
-0.224837
-0.228924
-0.246965
-0.223305
-0.224968
-0.119309
-0.220522
-0.217297
-0.194749
-0.205301
-0.151215
-0.191315
-0.215075
-0.232754
-0.232067
-0.207632
-0.212601
-0.226486
-0.217641
-0.221689
-0.1463
-0.122142
-0.223041
-0.21353
-0.154958
-0.219983
-0.224133
-0.152032
-0.224275
-0.170049
-0.241654
-0.165757
-0.229238
-0.227162
-0.222207
-0.208942
-0.200986
-0.215812
-0.220845
-0.22322
-0.154386
-0.147785
-0.161374
-0.118127
-0.168554
-0.16848
-0.211817
-0.142818
-0.211868
-0.124725
-0.167468
-0.192407
-0.202877
-0.226022
-0.214823
-0.191686
-0.181882
-0.211823
-0.219829
-0.223736
-0.174997
-0.221882
-0.22533
-0.220613
-0.219732
-0.219403
-0.221803
-0.175371
-0.21679
-0.233661
-0.207438
-0.169336
-0.220749
-0.222974
-0.225871
-0.212812
-0.222371
-0.220655
-0.222428
-0.186098
-0.199091
-0.207797
-0.224404
-0.166713
-0.185108
-0.209264
-0.141215
-0.218103
-0.131693
-0.241243
-0.159106
-0.217807
-0.217295
-0.220546
-0.213224
-0.217656
-0.21709
-0.106839
-0.225048
-0.175107
-0.178944
-0.208939
-0.218595
-0.167314
-0.193496
-0.226057
-0.115053
-0.221702
-0.202389
-0.185891
-0.144951
-0.211753
-0.216876
-0.222512
-0.210917
-0.214055
-0.215067
-0.21215
-0.220733
-0.159438
-0.156953
-0.16746
-0.190702
-0.128473
-0.205938
-0.100343
-0.130815
-0.204119
-0.171877
-0.179215
-0.138171
-0.204947
-0.217146
-0.214107
-0.190684
-0.189376
-0.211022
-0.225372
-0.241064
-0.223452
-0.236445
-0.223272
-0.212123
-0.219688
-0.202034
-0.210795
-0.226231
-0.193974
-0.210135
-0.0491217
-0.223641
-0.225453
-0.224683
-0.224983
-0.225638
-0.222748
-0.225458
-0.224015
-0.223737
-0.232383
-0.206305
-0.220558
-0.177004
-0.200282
-0.22277
-0.226412
-0.110198
-0.231998
-0.234394
-0.0814302
-0.230501
-0.214939
-0.220879
-0.230817
-0.233797
-0.217679
-0.239042
-0.231128
-0.233943
-0.258046
-0.218932
-0.231012
-0.208176
-0.23702
-0.233662
-0.225551
-0.152231
-0.143335
-0.248524
-0.241841
-0.139113
-0.166818
-0.2159
-0.207987
-0.223639
-0.220263
-0.221659
-0.198567
-0.225615
-0.248543
-0.208225
-0.256305
-0.213885
-0.147054
-0.219137
-0.183116
-0.192418
-0.223716
-0.235797
-0.220474
-0.229827
-0.221549
-0.215122
-0.211722
-0.222095
-0.224723
-0.18388
-0.209419
-0.223931
-0.22271
-0.226197
-0.161536
-0.221686
-0.223317
-0.220589
-0.222548
-0.22271
-0.219365
-0.224215
-0.220999
-0.182185
-0.153763
-0.240479
-0.227794
-0.147396
-0.164906
-0.16797
-0.204401
-0.16342
-0.184736
-0.181842
-0.199562
-0.161614
-0.173948
-0.161227
-0.208725
-0.161502
-0.162074
-0.217351
-0.157821
-0.131961
-0.22536
-0.203179
-0.150459
-0.151773
-0.159958
-0.164231
-0.214142
-0.157784
-0.188753
-0.183765
-0.155416
-0.167133
-0.161034
-0.206112
-0.171814
-0.156953
-0.15119
-0.158684
-0.142941
-0.163002
-0.220835
-0.128861
-0.188596
-0.236472
-0.222384
-0.167397
-0.239504
-0.223438
-0.2247
-0.171584
-0.225951
-0.206924
-0.213578
-0.180482
-0.226244
-0.221482
-0.221844
-0.229351
-0.219895
-0.22026
-0.17302
-0.178455
-0.220368
-0.228719
-0.217682
-0.247404
-0.225781
-0.227465
-0.144919
-0.204907
-0.201615
-0.215544
-0.163211
-0.216931
-0.220805
-0.221563
-0.161394
-0.218556
-0.226757
-0.180787
-0.204456
-0.143392
-0.173652
-0.224599
-0.157938
-0.171451
-0.193653
-0.155637
-0.182162
-0.16234
-0.185453
-0.164319
-0.180915
-0.20164
-0.216129
-0.185022
-0.181632
