-0.0930748
-0.106711
-0.0885336
-0.08852
-0.145043
-0.114301
-0.127377
-0.131074
-0.113088
-0.104332
-0.102976
-0.12533
-0.122948
-0.107314
-0.117695
-0.114435
-0.120292
-0.125678
-0.109625
-0.114847
-0.128524
-0.10968
-0.111153
-0.114801
-0.105585
-0.145497
-0.115549
-0.114468
-0.119081
-0.0748196
-0.110212
-0.142245
-0.115212
-0.125664
-0.140425
-0.115602
-0.151076
-0.110179
-0.119509
-0.111096
-0.0933075
-0.162311
-0.116262
-0.132265
-0.110126
-0.128578
-0.126097
-0.129431
-0.144539
-0.113556
-0.0947105
-0.111283
-0.116839
-0.175376
-0.154386
-0.117951
-0.115587
-0.0817134
-0.135849
-0.111999
-0.125341
-0.112743
-0.119709
-0.14446
-0.109956
-0.119783
-0.121259
-0.115647
-0.111143
-0.114257
-0.107164
-0.109707
-0.0955268
-0.0792149
-0.120968
-0.183798
-0.0915532
-0.1216
-0.117235
-0.116128
-0.130801
-0.128979
-0.17291
-0.135646
-0.136589
-0.120222
-0.109444
-0.136191
-0.111032
-0.109735
-0.108364
-0.109501
-0.0990392
-0.0945383
-0.10302
-0.0827243
-0.121428
-0.109433
-0.112999
-0.105171
-0.129955
-0.0808665
-0.115003
-0.161739
-0.117023
-0.127707
-0.108655
-0.122491
-0.105419
-0.109102
-0.108427
-0.11083
-0.10638
-0.111058
-0.110267
-0.111296
-0.109962
-0.111537
-0.110826
-0.129332
-0.112548
-0.169418
-0.11318
-0.130911
-0.109132
-0.109247
-0.113516
-0.115712
-0.109374
-0.111021
-0.111901
-0.113442
-0.117794
-0.114038
-0.126143
-0.146191
-0.109283
-0.112277
-0.113415
-0.122068
-0.0915823
-0.182794
-0.0777895
-0.112245
-0.110342
-0.110821
-0.124814
-0.113569
-0.111921
-0.0784952
-0.110501
-0.114467
-0.118
-0.136315
-0.109698
-0.133405
-0.159219
-0.109698
-0.0881823
-0.132431
-0.139352
-0.13371
-0.115386
-0.118763
-0.112912
-0.112133
-0.135908
-0.132306
-0.109575
-0.108026
-0.119754
-0.104253
-0.10321
-0.110935
-0.118957
-0.0942659
-0.169652
-0.0658887
-0.104003
-0.125299
-0.129171
-0.14143
-0.102615
-0.125754
-0.126469
-0.11592
-0.124702
-0.120295
-0.118336
-0.113864
-0.166307
-0.112086
-0.130577
-0.115141
-0.121723
-0.110444
-0.11222
-0.112728
-0.116702
-0.116151
-0.118673
-0.0447053
-0.111297
-0.11324
-0.113398
-0.120087
-0.112115
-0.114094
-0.118845
-0.111003
-0.153423
-0.147823
-0.109526
-0.110859
-0.113612
-0.1102
-0.113367
-0.110412
-0.0876345
-0.135887
-0.119312
-0.0736488
-0.127072
-0.110338
-0.109906
-0.141359
-0.131851
-0.110264
-0.128813
-0.118661
-0.162704
-0.181638
-0.117072
-0.122912
-0.161168
-0.170875
-0.127511
-0.112008
-0.114228
-0.0914965
-0.157449
-0.178898
-0.108687
-0.114857
-0.111105
-0.119723
-0.116639
-0.130926
-0.111266
-0.136646
-0.154898
-0.165083
-0.11711
-0.164144
-0.120083
-0.0981016
-0.111721
-0.0975409
-0.128024
-0.112162
-0.154646
-0.112685
-0.125494
-0.112407
-0.118704
-0.111267
-0.111267
-0.110329
-0.111898
-0.122082
-0.116086
-0.110862
-0.113347
-0.119775
-0.111831
-0.113345
-0.110177
-0.118606
-0.11256
-0.111664
-0.109477
-0.109058
-0.109626
-0.0835258
-0.136855
-0.121439
-0.0998198
-0.119817
-0.106904
-0.120542
-0.120685
-0.133458
-0.102377
-0.108293
-0.122879
-0.0960777
-0.110302
-0.145151
-0.127516
-0.0936564
-0.108293
-0.0983586
-0.0833132
-0.131094
-0.112322
-0.101784
-0.108102
-0.110632
-0.0995805
-0.172167
-0.103516
-0.12835
-0.109426
-0.112825
-0.0972265
-0.105035
-0.161369
-0.126
-0.0960103
-0.0978075
-0.101034
-0.0928321
-0.110761
-0.111493
-0.0836953
-0.105948
-0.131764
-0.118168
-0.0986401
-0.150354
-0.116753
-0.115285
-0.10853
-0.110416
-0.132349
-0.123207
-0.133462
-0.114603
-0.109485
-0.110774
-0.1204
-0.115012
-0.111891
-0.13472
-0.141395
-0.133545
-0.127829
-0.159097
-0.176284
-0.130851
-0.126425
-0.101607
-0.110785
-0.138582
-0.129227
-0.126732
-0.108309
-0.109053
-0.111014
-0.0961412
-0.116567
-0.111062
-0.121148
-0.145243
-0.0972793
-0.0993865
-0.177502
-0.103921
-0.104387
-0.111263
-0.114205
-0.10322
-0.118866
-0.129343
-0.116718
-0.106383
-0.117761
-0.106939
-0.121272
-0.122861
