-0.10939
-0.122307
-0.102353
-0.117132
-0.159408
-0.131043
-0.143001
-0.150806
-0.126888
-0.123477
-0.11671
-0.140626
-0.13799
-0.125753
-0.13731
-0.136694
-0.137339
-0.142134
-0.124475
-0.139924
-0.153535
-0.131909
-0.13503
-0.138516
-0.126632
-0.167883
-0.139104
-0.138616
-0.140437
-0.0873955
-0.13464
-0.162285
-0.137784
-0.143782
-0.158593
-0.140784
-0.173085
-0.134387
-0.145095
-0.135325
-0.109377
-0.181992
-0.13899
-0.155469
-0.13391
-0.152455
-0.148797
-0.153889
-0.162915
-0.139745
-0.111225
-0.136684
-0.141211
-0.196503
-0.176775
-0.142025
-0.140267
-0.0942966
-0.156145
-0.136063
-0.144169
-0.134736
-0.131121
-0.160483
-0.133938
-0.145201
-0.146304
-0.137636
-0.134892
-0.139872
-0.131594
-0.134619
-0.1111
-0.0921725
-0.144158
-0.195583
-0.108582
-0.144552
-0.141486
-0.128694
-0.153366
-0.142125
-0.193702
-0.147304
-0.158556
-0.144358
-0.134412
-0.154762
-0.13233
-0.133618
-0.133197
-0.134534
-0.115344
-0.109963
-0.119558
-0.0958369
-0.135427
-0.125954
-0.136142
-0.118108
-0.149862
-0.0946036
-0.130617
-0.173143
-0.138358
-0.150448
-0.132453
-0.140966
-0.124345
-0.132029
-0.133062
-0.135958
-0.124874
-0.13616
-0.135795
-0.135841
-0.134795
-0.135723
-0.135543
-0.142923
-0.136463
-0.187588
-0.135791
-0.139493
-0.13372
-0.134364
-0.138594
-0.138464
-0.134158
-0.135625
-0.13675
-0.131582
-0.136237
-0.136802
-0.150643
-0.156495
-0.129645
-0.135668
-0.124149
-0.144087
-0.105249
-0.200736
-0.129726
-0.137302
-0.134651
-0.135447
-0.145202
-0.138902
-0.135984
-0.0912028
-0.135834
-0.131717
-0.13497
-0.156144
-0.133972
-0.145897
-0.17159
-0.135339
-0.0989652
-0.154548
-0.157517
-0.149134
-0.127112
-0.141522
-0.136801
-0.137115
-0.155298
-0.153039
-0.133163
-0.121117
-0.144612
-0.120262
-0.11853
-0.126813
-0.139979
-0.106667
-0.181531
-0.0777721
-0.11465
-0.145158
-0.142366
-0.153559
-0.119189
-0.146396
-0.149158
-0.139696
-0.142306
-0.138453
-0.141367
-0.138813
-0.185211
-0.13726
-0.154703
-0.139531
-0.146032
-0.135038
-0.134706
-0.13602
-0.14125
-0.136197
-0.14101
-0.0487973
-0.13632
-0.138189
-0.138172
-0.144005
-0.137404
-0.138566
-0.143459
-0.135743
-0.17192
-0.169156
-0.132357
-0.135264
-0.132779
-0.1321
-0.137938
-0.136002
-0.0974724
-0.158783
-0.144813
-0.0801521
-0.151771
-0.134227
-0.134622
-0.1631
-0.15668
-0.134264
-0.154437
-0.143989
-0.181959
-0.202097
-0.141089
-0.147657
-0.17691
-0.189231
-0.152143
-0.137605
-0.128091
-0.106516
-0.180218
-0.198707
-0.126195
-0.13021
-0.134949
-0.138976
-0.14105
-0.1527
-0.136077
-0.154404
-0.172512
-0.186444
-0.139182
-0.187306
-0.142559
-0.112877
-0.136025
-0.117841
-0.144942
-0.136919
-0.174678
-0.137257
-0.149402
-0.136711
-0.142825
-0.134663
-0.135973
-0.135639
-0.131599
-0.14232
-0.140413
-0.135684
-0.138387
-0.133037
-0.136504
-0.137988
-0.134807
-0.142403
-0.137352
-0.135709
-0.134762
-0.133813
-0.12855
-0.100873
-0.161657
-0.146103
-0.114934
-0.134509
-0.123418
-0.14104
-0.135249
-0.148838
-0.121663
-0.129256
-0.136494
-0.115382
-0.125429
-0.163155
-0.140387
-0.111817
-0.132497
-0.115755
-0.0985499
-0.154124
-0.134608
-0.117124
-0.122384
-0.126408
-0.117267
-0.185849
-0.119786
-0.146351
-0.128725
-0.127359
-0.115873
-0.121184
-0.175581
-0.141309
-0.113526
-0.114429
-0.118154
-0.108384
-0.127349
-0.136197
-0.0975905
-0.125965
-0.156008
-0.141886
-0.116097
-0.171415
-0.141446
-0.140378
-0.132501
-0.136001
-0.151603
-0.144539
-0.149793
-0.13957
-0.134366
-0.13551
-0.145999
-0.139201
-0.13647
-0.147644
-0.154525
-0.154416
-0.151439
-0.177201
-0.194161
-0.15336
-0.149854
-0.11489
-0.13299
-0.155429
-0.14051
-0.139442
-0.132473
-0.133818
-0.135616
-0.113637
-0.140362
-0.136764
-0.138075
-0.161826
-0.11208
-0.11822
-0.192167
-0.119731
-0.122123
-0.131539
-0.12796
-0.122612
-0.1327
-0.145556
-0.133716
-0.125088
-0.138158
-0.131078
-0.138387
-0.138631
