-0.146868
-0.157842
-0.128499
-0.16586
-0.187026
-0.170031
-0.172645
-0.196837
-0.15457
-0.179566
-0.143007
-0.170737
-0.16558
-0.177453
-0.197324
-0.210071
-0.181975
-0.184706
-0.146978
-0.239452
-0.24894
-0.209341
-0.224019
-0.228743
-0.202626
-0.245863
-0.226505
-0.230999
-0.192376
-0.10778
-0.232603
-0.221998
-0.21702
-0.185123
-0.210992
-0.240307
-0.248045
-0.229463
-0.232932
-0.231167
-0.147359
-0.24546
-0.222346
-0.237635
-0.224016
-0.239735
-0.186563
-0.245419
-0.21743
-0.244531
-0.144665
-0.23925
-0.23799
-0.228924
-0.2536
-0.234142
-0.237799
-0.119309
-0.222568
-0.227987
-0.196486
-0.210777
-0.151215
-0.191315
-0.226119
-0.246768
-0.245932
-0.210476
-0.220384
-0.240459
-0.232185
-0.236226
-0.1463
-0.122142
-0.234743
-0.21353
-0.154958
-0.228367
-0.23605
-0.152032
-0.230006
-0.170049
-0.242219
-0.165757
-0.234952
-0.240607
-0.237014
-0.209024
-0.204139
-0.228673
-0.235708
-0.238334
-0.154386
-0.147785
-0.161374
-0.118127
-0.168554
-0.16848
-0.218691
-0.142818
-0.213958
-0.124725
-0.167468
-0.192407
-0.205447
-0.234802
-0.227838
-0.191686
-0.182671
-0.223896
-0.234497
-0.238389
-0.174997
-0.234707
-0.240337
-0.234421
-0.233351
-0.233246
-0.236371
-0.175371
-0.227196
-0.23376
-0.212405
-0.169336
-0.235405
-0.237966
-0.240431
-0.218978
-0.237296
-0.234561
-0.235354
-0.189231
-0.200906
-0.213199
-0.232034
-0.166713
-0.185584
-0.21374
-0.141215
-0.227053
-0.131693
-0.241243
-0.159106
-0.227086
-0.229795
-0.234433
-0.2183
-0.225011
-0.228909
-0.106839
-0.240161
-0.175107
-0.179008
-0.209375
-0.23254
-0.167314
-0.193496
-0.241488
-0.115053
-0.225116
-0.202397
-0.185891
-0.144951
-0.21567
-0.227791
-0.235998
-0.21123
-0.215329
-0.228108
-0.22157
-0.225436
-0.159438
-0.156953
-0.16746
-0.190702
-0.128473
-0.205938
-0.100343
-0.130815
-0.205078
-0.171877
-0.179215
-0.138171
-0.20547
-0.219654
-0.21985
-0.190684
-0.189457
-0.214365
-0.239669
-0.241646
-0.237109
-0.248904
-0.236663
-0.212811
-0.233427
-0.20652
-0.218142
-0.24013
-0.196471
-0.215628
-0.0491217
-0.238236
-0.240154
-0.239225
-0.236933
-0.240399
-0.236312
-0.236699
-0.238805
-0.223945
-0.237159
-0.214085
-0.234642
-0.177004
-0.204641
-0.236532
-0.241779
-0.110198
-0.241145
-0.249438
-0.0814302
-0.24134
-0.225814
-0.235217
-0.237308
-0.243735
-0.231217
-0.251815
-0.245036
-0.236318
-0.261967
-0.226565
-0.242677
-0.208176
-0.237295
-0.242715
-0.239647
-0.152231
-0.143335
-0.254356
-0.241841
-0.139113
-0.166818
-0.227162
-0.211675
-0.235378
-0.224023
-0.235069
-0.198567
-0.225957
-0.25234
-0.211326
-0.262732
-0.21905
-0.147054
-0.231577
-0.184651
-0.192422
-0.238389
-0.236937
-0.232994
-0.241684
-0.235786
-0.216843
-0.221291
-0.236322
-0.239776
-0.184244
-0.213236
-0.237284
-0.237179
-0.240879
-0.161536
-0.235626
-0.237461
-0.234703
-0.233992
-0.236639
-0.233222
-0.239437
-0.235733
-0.182185
-0.153763
-0.249693
-0.239158
-0.147396
-0.164906
-0.16797
-0.207197
-0.16342
-0.184736
-0.183289
-0.204772
-0.161614
-0.173981
-0.161227
-0.208748
-0.161502
-0.162074
-0.231572
-0.157821
-0.131961
-0.229596
-0.206213
-0.150459
-0.151773
-0.159958
-0.165626
-0.214142
-0.157784
-0.188753
-0.184606
-0.155416
-0.167133
-0.161034
-0.206112
-0.171814
-0.156953
-0.15119
-0.158684
-0.142941
-0.16594
-0.234314
-0.128861
-0.189595
-0.245771
-0.234058
-0.167397
-0.243073
-0.234008
-0.236738
-0.171584
-0.24112
-0.210539
-0.217317
-0.180482
-0.240503
-0.23605
-0.236221
-0.241415
-0.230631
-0.233349
-0.17302
-0.178455
-0.222458
-0.237974
-0.217682
-0.248065
-0.230824
-0.235356
-0.144919
-0.21039
-0.201615
-0.217363
-0.163211
-0.230907
-0.235407
-0.235887
-0.161394
-0.227733
-0.241916
-0.180787
-0.204456
-0.143392
-0.173792
-0.224599
-0.157938
-0.171451
-0.19403
-0.155637
-0.182332
-0.16234
-0.185453
-0.164319
-0.180942
-0.207744
-0.230491
-0.185022
-0.181632
