-0.146868
-0.157842
-0.128499
-0.16586
-0.187026
-0.170031
-0.172645
-0.196837
-0.15457
-0.179566
-0.143007
-0.170737
-0.16558
-0.177453
-0.197324
-0.210071
-0.181975
-0.184706
-0.146978
-0.233264
-0.243755
-0.208159
-0.221059
-0.224917
-0.201898
-0.243805
-0.22356
-0.226892
-0.192376
-0.10778
-0.226555
-0.221998
-0.215326
-0.185123
-0.210992
-0.234127
-0.247902
-0.224148
-0.229932
-0.225535
-0.147359
-0.24546
-0.219885
-0.236101
-0.220153
-0.237231
-0.186563
-0.241246
-0.21743
-0.237731
-0.144665
-0.232704
-0.232254
-0.228924
-0.251565
-0.230135
-0.232325
-0.119309
-0.222295
-0.224273
-0.194749
-0.209448
-0.151215
-0.191315
-0.222091
-0.24052
-0.239666
-0.210388
-0.218415
-0.233959
-0.225511
-0.229562
-0.1463
-0.122142
-0.229957
-0.21353
-0.154958
-0.225606
-0.231199
-0.152032
-0.228979
-0.170049
-0.242219
-0.165757
-0.2341
-0.234564
-0.230217
-0.209024
-0.204133
-0.223159
-0.228885
-0.231394
-0.154386
-0.147785
-0.161374
-0.118127
-0.168554
-0.16848
-0.217287
-0.142818
-0.213958
-0.124725
-0.167468
-0.192407
-0.205411
-0.232361
-0.222186
-0.191686
-0.182671
-0.21897
-0.227763
-0.231672
-0.174997
-0.229367
-0.233456
-0.228208
-0.227283
-0.226999
-0.229693
-0.175371
-0.223733
-0.23376
-0.211426
-0.169336
-0.228681
-0.231083
-0.233756
-0.217931
-0.230445
-0.228289
-0.22981
-0.189231
-0.200906
-0.211789
-0.229244
-0.166713
-0.185584
-0.213248
-0.141215
-0.22416
-0.131693
-0.241243
-0.159106
-0.224233
-0.224542
-0.228187
-0.217441
-0.223203
-0.224198
-0.106839
-0.233225
-0.175107
-0.179008
-0.209375
-0.226214
-0.167314
-0.193496
-0.234398
-0.115053
-0.224853
-0.202397
-0.185891
-0.144951
-0.215267
-0.223757
-0.230018
-0.21123
-0.215329
-0.222424
-0.218526
-0.225064
-0.159438
-0.156953
-0.16746
-0.190702
-0.128473
-0.205938
-0.100343
-0.130815
-0.205078
-0.171877
-0.179215
-0.138171
-0.20547
-0.219647
-0.218772
-0.190684
-0.189457
-0.21423
-0.233144
-0.241646
-0.231057
-0.243569
-0.230716
-0.212811
-0.227245
-0.205363
-0.215995
-0.233853
-0.196212
-0.21418
-0.0491217
-0.231544
-0.23341
-0.232561
-0.232081
-0.233626
-0.230258
-0.232487
-0.23202
-0.223945
-0.236286
-0.211163
-0.228234
-0.177004
-0.203701
-0.230325
-0.234683
-0.110198
-0.237841
-0.242541
-0.0814302
-0.237184
-0.221921
-0.228656
-0.235067
-0.240143
-0.225179
-0.246329
-0.238837
-0.236318
-0.259065
-0.224138
-0.23816
-0.208176
-0.237295
-0.240365
-0.233346
-0.152231
-0.143335
-0.252947
-0.241841
-0.139113
-0.166818
-0.22239
-0.211158
-0.230667
-0.223612
-0.229208
-0.198567
-0.225957
-0.251944
-0.211067
-0.260862
-0.218095
-0.147054
-0.226452
-0.184651
-0.192422
-0.231652
-0.236937
-0.227718
-0.23682
-0.229287
-0.216843
-0.217386
-0.229831
-0.232838
-0.184244
-0.212561
-0.231329
-0.230551
-0.234145
-0.161536
-0.229265
-0.230966
-0.228272
-0.229556
-0.230277
-0.226965
-0.232443
-0.22897
-0.182185
-0.153763
-0.246564
-0.234847
-0.147396
-0.164906
-0.16797
-0.205033
-0.16342
-0.184736
-0.183289
-0.203704
-0.161614
-0.173981
-0.161227
-0.208748
-0.161502
-0.162074
-0.225065
-0.157821
-0.131961
-0.228933
-0.204555
-0.150459
-0.151773
-0.159958
-0.165626
-0.214142
-0.157784
-0.188753
-0.184606
-0.155416
-0.167133
-0.161034
-0.206112
-0.171814
-0.156953
-0.15119
-0.158684
-0.142941
-0.16594
-0.228346
-0.128861
-0.189595
-0.243065
-0.229455
-0.167397
-0.242692
-0.230212
-0.231936
-0.171584
-0.234157
-0.210451
-0.21676
-0.180482
-0.234
-0.22937
-0.229639
-0.236463
-0.22679
-0.227663
-0.17302
-0.178455
-0.222458
-0.235
-0.217682
-0.248065
-0.229992
-0.233397
-0.144919
-0.209406
-0.201615
-0.217009
-0.163211
-0.224563
-0.228711
-0.229334
-0.161394
-0.224857
-0.234954
-0.180787
-0.204456
-0.143392
-0.173792
-0.224599
-0.157938
-0.171451
-0.19403
-0.155637
-0.182332
-0.16234
-0.185453
-0.164319
-0.180942
-0.206157
-0.2239
-0.185022
-0.181632
